1,1,1763.4039306640625,717.6926879882812,64.697509765625,131.6380615234375,0.89112324,-1,-1,-1
2,1,1761.382080078125,712.8436889648438,66.5335693359375,135.35369873046875,0.792608,-1,-1,-1
3,1,1759.888427734375,708.8251953125,69.3359375,132.0618896484375,0.8656074,-1,-1,-1
4,1,1754.275390625,704.4550170898438,75.405517578125,134.0841064453125,0.80329597,-1,-1,-1
5,1,1751.3524169921875,698.9642333984375,78.83447265625,136.23419189453125,0.9253322,-1,-1,-1
6,1,1750.337646484375,695.1744384765625,79.388916015625,137.932373046875,0.91870934,-1,-1,-1
7,1,1749.3328857421875,692.6668701171875,80.10791015625,135.14508056640625,0.9100322,-1,-1,-1
8,1,1748.3349609375,689.8482055664062,77.5023193359375,131.71624755859375,0.87747765,-1,-1,-1
9,1,1745.7734375,684.795654296875,75.5352783203125,134.05242919921875,0.79808336,-1,-1,-1
10,1,1743.59326171875,681.1105346679688,78.930908203125,138.08880615234375,0.9104715,-1,-1,-1
11,1,1742.51220703125,677.473876953125,79.1004638671875,137.27532958984375,0.8835035,-1,-1,-1
12,1,1741.7618408203125,674.1145629882812,79.2060546875,134.91876220703125,0.94182646,-1,-1,-1
13,1,1739.8631591796875,669.92626953125,80.039794921875,131.6060791015625,0.8575149,-1,-1,-1
14,1,1738.97705078125,668.8690795898438,78.6207275390625,130.81597900390625,0.9097727,-1,-1,-1
15,1,1736.533447265625,665.4645385742188,76.265625,130.514892578125,0.865437,-1,-1,-1
16,1,1735.40478515625,663.1204833984375,75.012451171875,131.2095947265625,0.81397647,-1,-1,-1
17,1,1734.2620849609375,661.2698364257812,75.505126953125,130.60247802734375,0.90195113,-1,-1,-1
18,1,1734.0447998046875,659.0445556640625,71.9619140625,131.3045654296875,0.8956347,-1,-1,-1
19,1,1730.432861328125,655.2384643554688,71.404541015625,133.4091796875,0.832692,-1,-1,-1
20,1,1730.084228515625,653.66357421875,67.43017578125,134.25048828125,0.8474331,-1,-1,-1
21,1,1730.2955322265625,650.8743896484375,63.761474609375,133.8985595703125,0.8813708,-1,-1,-1
22,1,1729.056640625,648.27978515625,65.171875,137.23480224609375,0.89611953,-1,-1,-1
23,1,1726.65478515625,644.8016357421875,63.0189208984375,138.72650146484375,0.84413344,-1,-1,-1
24,1,1726.4287109375,643.4908447265625,60.208740234375,137.743408203125,0.8431434,-1,-1,-1
25,1,1725.58056640625,642.3695678710938,56.3829345703125,135.7681884765625,0.8173029,-1,-1,-1
26,1,1724.77783203125,641.6029663085938,56.6710205078125,135.644287109375,0.8525166,-1,-1,-1
27,1,1724.6851806640625,638.9644775390625,54.390625,136.2454833984375,0.7959729,-1,-1,-1
28,1,1722.569580078125,635.8726196289062,55.4085693359375,135.72125244140625,0.57217336,-1,-1,-1
29,1,1728.4754638671875,631.5093994140625,51.6153564453125,131.62982177734375,0.86747295,-1,-1,-1
30,1,1726.60205078125,627.56787109375,56.7806396484375,121.0791015625,0.8628373,-1,-1,-1
31,1,1724.4140625,622.8655395507812,59.9808349609375,115.9610595703125,0.87328684,-1,-1,-1
32,1,1723.568115234375,618.4768676757812,57.1142578125,112.73516845703125,0.7424805,-1,-1,-1
33,1,1716.93505859375,614.0443115234375,63.8814697265625,115.58929443359375,0.80882514,-1,-1,-1
34,1,1714.0050048828125,607.7244262695312,69.6092529296875,119.2088623046875,0.8096393,-1,-1,-1
35,1,1711.520263671875,600.3828125,74.8704833984375,123.12811279296875,0.8088734,-1,-1,-1
36,1,1705.60400390625,593.6468505859375,86.3636474609375,121.6290283203125,0.9107559,-1,-1,-1
37,1,1703.4486083984375,588.9794311523438,93.0009765625,118.83892822265625,0.87180334,-1,-1,-1
38,1,1705.791259765625,585.03271484375,95.3179931640625,120.61749267578125,0.85984856,-1,-1,-1
39,1,1717.508056640625,581.0477294921875,88.3624267578125,118.03131103515625,0.9171866,-1,-1,-1
40,1,1728.2069091796875,575.7439575195312,82.0684814453125,114.9112548828125,0.8393065,-1,-1,-1
41,1,1729.4644775390625,572.1096801757812,85.1300048828125,114.6226806640625,0.90991485,-1,-1,-1
42,1,1730.0274658203125,567.1664428710938,88.718994140625,114.3294677734375,0.89335185,-1,-1,-1
43,1,1732.8756103515625,561.9282836914062,89.431640625,110.4521484375,0.7530376,-1,-1,-1
44,1,1731.0538330078125,558.531494140625,93.5894775390625,109.848388671875,0.8961319,-1,-1,-1
45,1,1729.3424072265625,554.2936401367188,99.366943359375,106.929443359375,0.91737205,-1,-1,-1
46,1,1730.436767578125,551.2915649414062,102.4310302734375,107.14703369140625,0.9356918,-1,-1,-1
47,1,1729.866455078125,547.3241577148438,106.0880126953125,106.0401611328125,0.87066424,-1,-1,-1
48,1,1733.7369384765625,545.1517333984375,104.3665771484375,105.115966796875,0.86341155,-1,-1,-1
49,1,1735.6925048828125,539.38818359375,106.0953369140625,104.93463134765625,0.87904924,-1,-1,-1
50,1,1737.1505126953125,536.8497314453125,108.945068359375,106.171142578125,0.91396606,-1,-1,-1
51,1,1742.3968505859375,534.5072021484375,106.1365966796875,104.94775390625,0.90654546,-1,-1,-1
52,1,1744.4566650390625,528.934814453125,107.2139892578125,108.1131591796875,0.9004326,-1,-1,-1
53,1,1746.5133056640625,525.0587158203125,102.502685546875,108.435791015625,0.92482066,-1,-1,-1
54,1,1748.90478515625,517.0909423828125,99.0579833984375,111.800537109375,0.91915303,-1,-1,-1
55,1,1751.47216796875,516.01904296875,95.776611328125,106.5379638671875,0.8119506,-1,-1,-1
56,1,1753.1368408203125,509.9023132324219,94.848388671875,105.86605834960938,0.84239125,-1,-1,-1
57,1,1758.3260498046875,504.5385437011719,90.6580810546875,104.18978881835938,0.8322783,-1,-1,-1
58,1,1763.358642578125,500.15948486328125,84.4814453125,107.436767578125,0.8902097,-1,-1,-1
59,1,1767.707763671875,496.6108093261719,80.34130859375,112.74819946289062,0.8119663,-1,-1,-1
60,1,1780.879638671875,488.168212890625,68.658203125,122.06494140625,0.7734969,-1,-1,-1
61,1,1792.0908203125,484.1779479980469,57.4208984375,129.29403686523438,0.7162243,-1,-1,-1
62,1,1794.2239990234375,479.0589599609375,56.4420166015625,135.79449462890625,0.8393055,-1,-1,-1
63,1,1805.3607177734375,475.1110534667969,46.09326171875,139.81344604492188,0.6833542,-1,-1,-1
64,1,1806.3763427734375,469.3312683105469,46.931640625,142.78530883789062,0.7023624,-1,-1,-1
65,1,1806.5377197265625,468.35980224609375,47.587158203125,143.23065185546875,0.8339391,-1,-1,-1
66,1,1807.322021484375,466.9110107421875,48.44873046875,140.98883056640625,0.8597586,-1,-1,-1
67,1,1808.40283203125,467.3806457519531,48.7725830078125,137.01266479492188,0.73524135,-1,-1,-1
68,1,1813.572998046875,466.5689392089844,50.042236328125,127.10403442382812,0.76667356,-1,-1,-1
69,1,1811.580322265625,463.1236877441406,59.8343505859375,118.55844116210938,0.65760314,-1,-1,-1
70,1,1809.58544921875,461.7427062988281,64.5799560546875,117.05233764648438,0.6686613,-1,-1,-1
71,1,1803.4017333984375,456.4913024902344,71.494873046875,113.69204711914062,0.81706095,-1,-1,-1
72,1,1804.4425048828125,449.40203857421875,72.012451171875,110.13323974609375,0.8201834,-1,-1,-1
73,1,1796.7750244140625,443.5589294433594,81.987060546875,107.70706176757812,0.8083066,-1,-1,-1
74,1,1793.1697998046875,441.3091125488281,88.8946533203125,107.25424194335938,0.8698232,-1,-1,-1
75,1,1792.1121826171875,436.9649353027344,94.408203125,103.28579711914062,0.91344446,-1,-1,-1
76,1,1793.3182373046875,434.2833557128906,95.658203125,101.27401733398438,0.8749384,-1,-1,-1
77,1,1792.1864013671875,430.734130859375,98.4840087890625,99.53924560546875,0.8757075,-1,-1,-1
78,1,1797.850830078125,427.86212158203125,95.86962890625,98.8455810546875,0.8616119,-1,-1,-1
79,1,1799.8250732421875,424.47900390625,96.8948974609375,102.50030517578125,0.8340599,-1,-1,-1
80,1,1808.7374267578125,421.4010925292969,89.85107421875,101.15420532226562,0.7882784,-1,-1,-1
81,1,1810.1070556640625,418.6426086425781,91.2642822265625,104.64907836914062,0.9068529,-1,-1,-1
82,1,1809.715087890625,416.1161193847656,94.0794677734375,107.63955688476562,0.91705155,-1,-1,-1
83,1,1812.46435546875,412.3165283203125,92.330810546875,112.8282470703125,0.86752415,-1,-1,-1
84,1,1816.9007568359375,409.87054443359375,91.1866455078125,108.37530517578125,0.7941767,-1,-1,-1
85,1,1822.2261962890625,406.7617492675781,89.656494140625,108.60806274414062,0.89544916,-1,-1,-1
86,1,1821.77734375,405.403076171875,92.299560546875,102.43557739257812,0.75696665,-1,-1,-1
87,1,1827.4205322265625,404.16790771484375,88.5291748046875,99.0994873046875,0.88450533,-1,-1,-1
88,1,1828.1202392578125,404.9659729003906,92.724609375,96.10723876953125,0.8933473,-1,-1,-1
89,1,1836.6868896484375,405.8141174316406,85.6268310546875,93.43270874023438,0.8417327,-1,-1,-1
90,1,1839.879638671875,405.2671203613281,85.298095703125,94.20245361328125,0.8398213,-1,-1,-1
91,1,1834.1693115234375,401.8450012207031,92.822021484375,88.42776489257812,0.8324867,-1,-1,-1
92,1,1832.3221435546875,397.1748962402344,94.416259765625,76.36859130859375,0.7264196,-1,-1,-1
93,1,1831.4779052734375,392.52569580078125,97.461669921875,71.41030883789062,0.7841103,-1,-1,-1
94,1,1829.64892578125,389.2253723144531,102.95263671875,73.32669067382812,0.76437896,-1,-1,-1
95,1,1831.6038818359375,386.5870056152344,105.6097412109375,69.23861694335938,0.8069824,-1,-1,-1
96,1,1846.84521484375,382.0424499511719,92.36767578125,78.09539794921875,0.78850645,-1,-1,-1
97,1,1859.6103515625,377.57562255859375,83.6827392578125,86.20037841796875,0.7946751,-1,-1,-1
98,1,1869.1422119140625,373.8340148925781,76.4195556640625,88.86199951171875,0.8396606,-1,-1,-1
99,1,1870.7802734375,370.9255065917969,77.267578125,93.18682861328125,0.7446317,-1,-1,-1
100,1,1874.388916015625,367.2178649902344,76.38134765625,92.076416015625,0.7081469,-1,-1,-1
101,1,1873.95166015625,364.1385498046875,79.1962890625,90.88748168945312,0.79567295,-1,-1,-1
102,1,1874.5401611328125,360.70062255859375,80.4647216796875,86.79788208007812,0.8613381,-1,-1,-1
103,1,1872.650634765625,357.2469177246094,85.3284912109375,89.66815185546875,0.88934785,-1,-1,-1
104,1,1875.217041015625,353.64605712890625,86.5433349609375,87.64187622070312,0.69132954,-1,-1,-1
105,1,1880.6717529296875,352.5520324707031,82.7353515625,85.46853637695312,0.8570998,-1,-1,-1
106,1,1878.99365234375,346.5166931152344,84.1435546875,92.29922485351562,0.80650395,-1,-1,-1
107,1,1875.63037109375,339.93316650390625,86.541259765625,97.05300903320312,0.6995716,-1,-1,-1
108,1,1886.544189453125,335.0373840332031,74.3497314453125,84.53619384765625,0.8660875,-1,-1,-1
109,1,1886.146728515625,328.13037109375,75.7906494140625,93.04937744140625,0.79917186,-1,-1,-1
110,1,1895.997314453125,323.80401611328125,67.479736328125,103.28179931640625,0.79069096,-1,-1,-1
111,1,1904.293212890625,318.9474792480469,61.5693359375,110.82369995117188,0.6326101,-1,-1,-1
112,1,1910.164306640625,313.2314758300781,60.33935546875,114.7489013671875,0.8549839,-1,-1,-1
113,1,1908.8238525390625,309.1013488769531,61.11669921875,119.41592407226562,0.8769135,-1,-1,-1
114,1,1911.6220703125,304.67059326171875,56.869384765625,124.0347900390625,0.7899435,-1,-1,-1
115,1,1920.531982421875,300.8274230957031,42.608154296875,114.82086181640625,0.79100025,-1,-1,-1
116,1,1920.1463623046875,296.8434143066406,43.4718017578125,110.08450317382812,0.83093095,-1,-1,-1
117,1,1919.177734375,292.4469909667969,45.85986328125,113.35122680664062,0.7280395,-1,-1,-1
118,1,1920.15576171875,287.63446044921875,44.36767578125,115.49465942382812,0.7984826,-1,-1,-1
119,1,1921.488037109375,283.0700378417969,42.22314453125,116.41705322265625,0.76316893,-1,-1,-1
120,1,1921.987548828125,278.0036315917969,40.79296875,119.21719360351562,0.77192944,-1,-1,-1
121,1,1921.0665283203125,274.25482177734375,41.6617431640625,120.47894287109375,0.8322325,-1,-1,-1
122,1,1920.1904296875,269.44525146484375,42.923828125,117.67874145507812,0.82326585,-1,-1,-1
123,1,1919.34912109375,264.09393310546875,44.97216796875,120.30209350585938,0.75733316,-1,-1,-1
124,1,1918.1868896484375,258.7834167480469,45.725341796875,123.63238525390625,0.81385934,-1,-1,-1
125,1,1918.1177978515625,256.1820983886719,43.2652587890625,122.62631225585938,0.8068126,-1,-1,-1
126,1,1916.6834716796875,249.64566040039062,44.666015625,123.08932495117188,0.7598177,-1,-1,-1
127,1,1913.487548828125,245.5037841796875,44.0906982421875,123.32427978515625,0.553139,-1,-1,-1
128,1,1912.714111328125,240.9967041015625,42.4495849609375,123.47586059570312,0.7662938,-1,-1,-1
129,1,1912.1180419921875,239.4272918701172,41.5511474609375,124.78083801269531,0.81379586,-1,-1,-1
130,1,1911.5535888671875,234.63255310058594,42.0543212890625,130.3363800048828,0.81833357,-1,-1,-1
131,1,1911.7828369140625,231.93258666992188,38.2674560546875,121.12701416015625,0.78702617,-1,-1,-1
132,1,1907.9029541015625,229.19692993164062,38.60595703125,122.67840576171875,0.49897683,-1,-1,-1
133,1,1907.0921630859375,225.99790954589844,39.2904052734375,119.57951354980469,0.6576033,-1,-1,-1
134,1,1908.0860595703125,224.0992889404297,35.4962158203125,119.88401794433594,0.73200196,-1,-1,-1
135,1,1906.6065673828125,219.37014770507812,38.2630615234375,118.26187133789062,0.66434926,-1,-1,-1
136,1,1907.18408203125,216.55307006835938,37.7833251953125,122.19488525390625,0.7350663,-1,-1,-1
137,1,1906.2362060546875,215.86325073242188,34.847412109375,119.48605346679688,0.791933,-1,-1,-1
138,1,1878.4537353515625,218.02658081054688,61.3409423828125,99.395751953125,0.6038343,-1,-1,-1
139,1,1870.4927978515625,224.6123504638672,74.1605224609375,86.06871032714844,0.72007716,-1,-1,-1
140,1,1870.0611572265625,224.73867797851562,74.7664794921875,72.17459106445312,0.676306,-1,-1,-1
141,1,1866.4854736328125,223.49717712402344,80.8485107421875,56.65614318847656,0.782305,-1,-1,-1
142,1,1857.9515380859375,222.58517456054688,95.1021728515625,59.5003662109375,0.7970746,-1,-1,-1
143,1,1849.1182861328125,221.1870880126953,103.2066650390625,72.13322448730469,0.7509214,-1,-1,-1
144,1,1846.42724609375,219.3366241455078,99.75732421875,78.61146545410156,0.7762312,-1,-1,-1
145,1,1838.2021484375,213.65298461914062,104.709228515625,89.32931518554688,0.80759984,-1,-1,-1
146,1,1828.7994384765625,211.24209594726562,108.7808837890625,97.13150024414062,0.7442003,-1,-1,-1
147,1,1823.822509765625,217.8363037109375,101.435546875,96.68051147460938,0.65217966,-1,-1,-1
148,1,1816.0394287109375,220.18927001953125,101.7020263671875,96.77667236328125,0.7425818,-1,-1,-1
149,1,1809.4356689453125,229.3031463623047,98.602294921875,92.41407775878906,0.66200656,-1,-1,-1
150,1,1806.4774169921875,225.63827514648438,96.74560546875,101.10025024414062,0.73384637,-1,-1,-1
151,1,1799.93017578125,235.45022583007812,95.4830322265625,97.11624145507812,0.8398317,-1,-1,-1
152,1,1796.6416015625,235.18507385253906,99.7281494140625,101.18952941894531,0.7508553,-1,-1,-1
153,1,1790.390625,241.99105834960938,97.7926025390625,100.59295654296875,0.7926766,-1,-1,-1
154,1,1781.7308349609375,250.7818145751953,102.5738525390625,98.73197937011719,0.7360843,-1,-1,-1
155,1,1777.9312744140625,252.0409698486328,103.4029541015625,100.47550964355469,0.847706,-1,-1,-1
156,1,1773.19580078125,259.50909423828125,102.4180908203125,98.53057861328125,0.8680598,-1,-1,-1
157,1,1768.7098388671875,259.4707946777344,108.1348876953125,101.98538208007812,0.87635475,-1,-1,-1
158,1,1764.96484375,267.8948059082031,103.445068359375,98.9376220703125,0.8390487,-1,-1,-1
159,1,1760.85986328125,266.98394775390625,108.0255126953125,102.44644165039062,0.877828,-1,-1,-1
160,1,1756.623046875,265.43670654296875,113.166015625,108.57693481445312,0.83542514,-1,-1,-1
161,1,1753.1282958984375,275.14764404296875,106.5780029296875,102.08148193359375,0.8630018,-1,-1,-1
162,1,1748.447265625,273.86004638671875,111.8826904296875,106.35397338867188,0.835533,-1,-1,-1
163,1,1744.80126953125,284.297119140625,107.18408203125,99.24844360351562,0.8163036,-1,-1,-1
164,1,1739.6785888671875,284.7308349609375,112.2833251953125,101.89120483398438,0.85243696,-1,-1,-1
165,1,1737.4466552734375,294.2105712890625,107.212158203125,95.04867553710938,0.7934375,-1,-1,-1
166,1,1734.0255126953125,293.451416015625,110.4273681640625,98.76705932617188,0.885619,-1,-1,-1
167,1,1729.8118896484375,295.0213928222656,113.3939208984375,99.80282592773438,0.8203036,-1,-1,-1
168,1,1727.6168212890625,305.8092041015625,105.3011474609375,91.7850341796875,0.88783616,-1,-1,-1
169,1,1722.989013671875,307.3936462402344,104.245849609375,93.37429809570312,0.7939092,-1,-1,-1
170,1,1720.3817138671875,306.3516540527344,106.3070068359375,96.658203125,0.84305346,-1,-1,-1
171,1,1718.9681396484375,312.3409118652344,103.6480712890625,95.03872680664062,0.8871558,-1,-1,-1
172,1,1723.2340087890625,323.8971252441406,95.2164306640625,90.43698120117188,0.83978456,-1,-1,-1
173,1,1727.08740234375,332.3214416503906,86.96142578125,91.06802368164062,0.8245966,-1,-1,-1
174,1,1720.3126220703125,330.3788146972656,89.7840576171875,98.86083984375,0.6533226,-1,-1,-1
175,1,1715.4835205078125,330.3643798828125,80.609619140625,108.61090087890625,0.77707905,-1,-1,-1
176,1,1708.513427734375,329.71307373046875,75.6866455078125,117.7286376953125,0.7936059,-1,-1,-1
177,1,1702.0262451171875,338.5477600097656,67.8988037109375,116.60650634765625,0.79504627,-1,-1,-1
178,1,1696.655517578125,345.21197509765625,67.6551513671875,118.48446655273438,0.8855326,-1,-1,-1
179,1,1693.137451171875,354.4932861328125,70.846923828125,117.76177978515625,0.87803584,-1,-1,-1
180,1,1689.8065185546875,361.84674072265625,73.805419921875,118.23886108398438,0.8246092,-1,-1,-1
181,1,1685.2491455078125,369.84881591796875,75.845947265625,121.35653686523438,0.79042274,-1,-1,-1
182,1,1682.391357421875,378.2288818359375,77.1722412109375,120.82247924804688,0.87070113,-1,-1,-1
183,1,1677.8704833984375,387.1236267089844,75.61572265625,118.29855346679688,0.79145527,-1,-1,-1
184,1,1675.1456298828125,391.43316650390625,71.7398681640625,121.116455078125,0.86065763,-1,-1,-1
185,1,1671.1368408203125,398.7186584472656,69.6114501953125,122.00485229492188,0.83831227,-1,-1,-1
186,1,1668.8443603515625,403.1402282714844,66.4136962890625,121.69796752929688,0.8522279,-1,-1,-1
187,1,1665.3935546875,405.8862609863281,64.010009765625,125.77005004882812,0.8755713,-1,-1,-1
188,1,1662.375244140625,413.69183349609375,61.216552734375,125.707275390625,0.78145146,-1,-1,-1
189,1,1658.326171875,419.8332824707031,63.4412841796875,123.68374633789062,0.74009097,-1,-1,-1
190,1,1656.697021484375,425.8423767089844,60.85546875,122.81961059570312,0.90254337,-1,-1,-1
191,1,1655.26025390625,428.0219421386719,60.04345703125,125.13516235351562,0.7308177,-1,-1,-1
192,1,1650.3953857421875,435.7124938964844,61.9998779296875,124.09011840820312,0.8031443,-1,-1,-1
193,1,1648.291259765625,442.52203369140625,59.73583984375,123.0714111328125,0.8995044,-1,-1,-1
194,1,1646.7745361328125,445.76434326171875,59.3856201171875,123.06298828125,0.68657744,-1,-1,-1
195,1,1641.907958984375,451.5090026855469,62.85302734375,124.13900756835938,0.8349878,-1,-1,-1
196,1,1641.2369384765625,451.9070739746094,62.59228515625,127.25735473632812,0.7279507,-1,-1,-1
197,1,1643.3865966796875,468.5734558105469,59.2298583984375,118.55642700195312,0.6850491,-1,-1,-1
198,1,1647.9954833984375,488.28582763671875,58.379150390625,104.3697509765625,0.5839408,-1,-1,-1
199,1,1643.86376953125,496.0211181640625,56.7672119140625,105.42266845703125,0.62500805,-1,-1,-1
200,1,1643.0145263671875,493.83770751953125,51.6695556640625,121.71240234375,0.66883343,-1,-1,-1
201,1,1637.5157470703125,501.2319030761719,35.791259765625,124.21853637695312,0.7946185,-1,-1,-1
202,1,1635.9210205078125,508.7699890136719,35.2579345703125,127.49624633789062,0.8641944,-1,-1,-1
203,1,1634.4632568359375,516.806640625,36.7564697265625,128.94085693359375,0.86740017,-1,-1,-1
204,1,1633.031005859375,525.102294921875,38.922119140625,129.77252197265625,0.8614126,-1,-1,-1
205,1,1631.1844482421875,535.4688720703125,43.632080078125,128.23895263671875,0.8285896,-1,-1,-1
206,1,1630.03369140625,547.781494140625,43.448486328125,127.05218505859375,0.7067471,-1,-1,-1
207,1,1629.150390625,555.4087524414062,43.8072509765625,128.3572998046875,0.6376437,-1,-1,-1
208,1,1626.9171142578125,560.7026977539062,42.589599609375,128.519775390625,0.69508314,-1,-1,-1
209,1,1627.964111328125,568.0350952148438,37.718017578125,129.93365478515625,0.7990511,-1,-1,-1
210,1,1627.4720458984375,576.3134155273438,33.83447265625,129.58770751953125,0.82650405,-1,-1,-1
211,1,1624.2030029296875,585.7427978515625,31.7860107421875,127.19830322265625,0.65857404,-1,-1,-1
212,1,1623.925537109375,591.3600463867188,30.6982421875,128.28741455078125,0.7527182,-1,-1,-1
213,1,1623.483642578125,598.8088989257812,30.0269775390625,128.00469970703125,0.7228518,-1,-1,-1
214,1,1623.102294921875,606.3850708007812,29.1185302734375,129.017822265625,0.68532866,-1,-1,-1
215,1,1623.085693359375,611.9942626953125,30.0296630859375,126.482177734375,0.7695877,-1,-1,-1
216,1,1620.5494384765625,622.447021484375,37.638671875,119.8370361328125,0.72574574,-1,-1,-1
217,1,1621.15673828125,637.6851806640625,43.694091796875,109.0072021484375,0.6629092,-1,-1,-1
218,1,1616.3486328125,644.8505249023438,45.0679931640625,108.757080078125,0.7837877,-1,-1,-1
219,1,1616.822265625,656.5166015625,39.00146484375,104.4801025390625,0.76661056,-1,-1,-1
220,1,1616.2606201171875,667.5303344726562,38.6737060546875,101.77313232421875,0.6747314,-1,-1,-1
221,1,1616.8048095703125,675.6412353515625,38.064697265625,102.39910888671875,0.6038456,-1,-1,-1
222,1,1622.2415771484375,681.708740234375,34.346923828125,105.65179443359375,0.5664284,-1,-1,-1
223,1,1627.59765625,685.5004272460938,31.216064453125,110.2381591796875,0.7347794,-1,-1,-1
224,1,1628.5828857421875,691.9683227539062,31.1226806640625,109.56304931640625,0.6272365,-1,-1,-1
225,1,1628.8958740234375,693.2492065429688,31.0477294921875,114.8665771484375,0.75942975,-1,-1,-1
226,1,1630.5079345703125,702.8895263671875,28.6456298828125,111.5074462890625,0.73196495,-1,-1,-1
227,1,1629.1883544921875,714.9193115234375,32.568359375,107.7322998046875,0.67226875,-1,-1,-1
228,1,1629.39794921875,720.7777709960938,32.52685546875,108.60400390625,0.7755121,-1,-1,-1
229,1,1629.4495849609375,720.9999389648438,32.633544921875,112.76983642578125,0.6353316,-1,-1,-1
230,1,1629.72607421875,725.677734375,33.03125,114.74609375,0.778079,-1,-1,-1
231,1,1629.8291015625,725.920166015625,32.787841796875,120.18475341796875,0.6609073,-1,-1,-1
232,1,1630.9327392578125,728.9148559570312,31.930908203125,121.59027099609375,0.6587212,-1,-1,-1
233,1,1631.70751953125,731.4742431640625,30.729736328125,122.78179931640625,0.6392395,-1,-1,-1
234,1,1632.1002197265625,735.614990234375,30.7554931640625,124.8480224609375,0.467669,-1,-1,-1
235,1,1635.1407470703125,749.0516967773438,31.1064453125,116.55487060546875,0.51770175,-1,-1,-1
236,1,1636.0252685546875,751.9429931640625,30.2772216796875,117.399169921875,0.5466193,-1,-1,-1
237,1,1635.819580078125,755.1723022460938,30.4759521484375,120.11083984375,0.5889563,-1,-1,-1
238,1,1636.610595703125,761.1172485351562,31.266845703125,116.9991455078125,0.63352853,-1,-1,-1
239,1,1638.15673828125,766.7997436523438,30.363037109375,115.2906494140625,0.7312539,-1,-1,-1
240,1,1638.106689453125,769.3516235351562,30.9459228515625,117.53326416015625,0.6866382,-1,-1,-1
241,1,1638.4390869140625,777.203857421875,30.3333740234375,113.3505859375,0.7558498,-1,-1,-1
242,1,1634.2314453125,787.5057983398438,34.2076416015625,105.25665283203125,0.64802223,-1,-1,-1
243,1,1629.91748046875,801.6256713867188,42.0611572265625,96.295166015625,0.69234633,-1,-1,-1
244,1,1633.0172119140625,806.2567749023438,39.737060546875,94.251708984375,0.57918274,-1,-1,-1
245,1,1635.8096923828125,809.4122314453125,37.9600830078125,97.67547607421875,0.6950091,-1,-1,-1
246,1,1634.1199951171875,812.6428833007812,43.606689453125,98.1099853515625,0.50118816,-1,-1,-1
247,1,1634.97998046875,827.6841430664062,40.861328125,92.65728759765625,0.59354,-1,-1,-1
248,1,1636.61669921875,834.27099609375,33.44384765625,89.27655029296875,0.5739344,-1,-1,-1
249,1,1636.35595703125,835.7075805664062,28.731201171875,94.5560302734375,0.5064572,-1,-1,-1
250,1,1631.201416015625,844.2862548828125,31.279541015625,92.8829345703125,0.54720736,-1,-1,-1
251,1,1631.2237548828125,844.0247802734375,30.89111328125,97.15875244140625,0.65718853,-1,-1,-1
252,1,1630.483642578125,844.2964477539062,32.2816162109375,100.5203857421875,0.6234435,-1,-1,-1
253,1,1631.7093505859375,848.3377075195312,30.483154296875,102.44512939453125,0.5136308,-1,-1,-1
254,1,1630.135986328125,862.04150390625,34.6246337890625,95.71697998046875,0.59373266,-1,-1,-1
255,1,1629.637939453125,861.8116455078125,35.4874267578125,99.3067626953125,0.59628737,-1,-1,-1
256,1,1629.207275390625,861.7140502929688,35.34130859375,101.84478759765625,0.5675186,-1,-1,-1
257,1,1629.9305419921875,871.9419555664062,32.3419189453125,96.4178466796875,0.7153877,-1,-1,-1
258,1,1629.222900390625,877.4484252929688,33.206787109375,95.8953857421875,0.7297104,-1,-1,-1
259,1,1629.8701171875,879.1609497070312,32.0706787109375,97.23455810546875,0.7487346,-1,-1,-1
260,1,1629.434814453125,883.1038818359375,30.81640625,98.13189697265625,0.5585566,-1,-1,-1
261,1,1629.2493896484375,882.2650146484375,31.1033935546875,102.3643798828125,0.7032645,-1,-1,-1
262,1,1629.023193359375,882.4708862304688,30.6312255859375,105.2376708984375,0.7149503,-1,-1,-1
263,1,1628.1099853515625,894.4190673828125,31.8370361328125,98.2882080078125,0.67982215,-1,-1,-1
264,1,1627.1412353515625,896.6206665039062,32.9014892578125,97.7196044921875,0.62357444,-1,-1,-1
265,1,1627.4539794921875,898.8609619140625,30.4803466796875,100.513671875,0.47869685,-1,-1,-1
266,1,1627.275146484375,902.7313842773438,31.3421630859375,98.6549072265625,0.620452,-1,-1,-1
267,1,1627.660888671875,903.9205932617188,30.4541015625,100.7047119140625,0.5709047,-1,-1,-1
268,1,1628.023681640625,902.4876708984375,29.5511474609375,105.24462890625,0.4497347,-1,-1,-1
269,1,1627.966552734375,910.2998657226562,29.579833984375,101.61859130859375,0.632184,-1,-1,-1
270,1,1628.21484375,909.985595703125,29.323486328125,104.8848876953125,0.5914519,-1,-1,-1
271,1,1628.2281494140625,916.05078125,27.951416015625,102.08282470703125,0.5374546,-1,-1,-1
272,1,1622.8079833984375,920.5247802734375,33.292236328125,100.4884033203125,0.59049386,-1,-1,-1
273,1,1623.052001953125,919.1724853515625,32.418212890625,103.7664794921875,0.589765,-1,-1,-1
274,1,1623.4482421875,922.3468017578125,31.781494140625,104.1512451171875,0.4680635,-1,-1,-1
275,1,1624.0498046875,926.4320068359375,30.25390625,100.8553466796875,0.6408059,-1,-1,-1
276,1,1623.9283447265625,926.7052612304688,30.1722412109375,104.10369873046875,0.61150503,-1,-1,-1
277,1,1623.0654296875,927.453857421875,31.3294677734375,105.901123046875,0.4986639,-1,-1,-1
278,1,1624.5604248046875,934.3887329101562,29.1383056640625,101.52056884765625,0.64016104,-1,-1,-1
279,1,1624.09130859375,934.0303955078125,29.69287109375,104.671142578125,0.68877417,-1,-1,-1
280,1,1623.57958984375,934.7081909179688,30.656494140625,106.29180908203125,0.6268661,-1,-1,-1
281,1,1622.1944580078125,942.8292846679688,34.7298583984375,99.44525146484375,0.5227706,-1,-1,-1
282,1,1625.1934814453125,945.0706176757812,35.5341796875,101.40020751953125,0.6247415,-1,-1,-1
283,1,1622.781494140625,954.4012451171875,40.0660400390625,97.88330078125,0.6752996,-1,-1,-1
284,1,1618.3179931640625,960.4664306640625,42.2789306640625,97.1051025390625,0.53964686,-1,-1,-1
285,1,1618.1900634765625,966.2379150390625,41.3868408203125,95.5465087890625,0.5921598,-1,-1,-1
286,1,1618.5045166015625,970.9232177734375,42.0565185546875,97.3828125,0.6997418,-1,-1,-1
287,1,1616.3973388671875,971.1657104492188,44.4307861328125,101.58380126953125,0.6580277,-1,-1,-1
288,1,1616.688232421875,972.2379760742188,44.0447998046875,105.94244384765625,0.63613194,-1,-1,-1
289,1,1617.241455078125,978.5535278320312,43.5286865234375,104.76312255859375,0.5692528,-1,-1,-1
290,1,1618.9136962890625,980.9432373046875,41.05322265625,106.2689208984375,0.59396446,-1,-1,-1
291,1,1625.238525390625,984.088134765625,36.7061767578125,104.40478515625,0.7508071,-1,-1,-1
292,1,1625.2548828125,984.7533569335938,38.235595703125,107.63409423828125,0.75701463,-1,-1,-1
293,1,1625.3740234375,994.9357299804688,38.1834716796875,100.37982177734375,0.82206744,-1,-1,-1
294,1,1626.213623046875,1001.3285522460938,37.436279296875,99.02850341796875,0.72916365,-1,-1,-1
295,1,1625.84716796875,1001.5975341796875,38.120361328125,101.833740234375,0.80772084,-1,-1,-1
296,1,1626.109130859375,1004.3118896484375,38.399658203125,101.953857421875,0.79653513,-1,-1,-1
297,1,1626.528564453125,1006.8073120117188,38.0887451171875,103.95782470703125,0.6594064,-1,-1,-1
298,1,1626.37353515625,1006.3988647460938,39.3187255859375,106.69744873046875,0.7600013,-1,-1,-1
299,1,1625.45263671875,1008.15771484375,40.283447265625,105.8392333984375,0.78681296,-1,-1,-1
300,1,1623.977294921875,1010.7192993164062,41.9173583984375,106.26702880859375,0.7366899,-1,-1,-1
301,1,1624.26953125,1018.6602172851562,41.416259765625,101.22100830078125,0.72613466,-1,-1,-1
302,1,1622.75830078125,1022.2492065429688,43.75927734375,99.23101806640625,0.72569966,-1,-1,-1
303,1,1622.603759765625,1026.595458984375,43.5318603515625,99.601318359375,0.6412289,-1,-1,-1
304,1,1622.102783203125,1026.80712890625,46.3155517578125,101.77880859375,0.73801947,-1,-1,-1
305,1,1621.3043212890625,1030.2900390625,48.1654052734375,100.045654296875,0.750566,-1,-1,-1
306,1,1620.63134765625,1030.490966796875,49.173583984375,101.91650390625,0.6982954,-1,-1,-1
307,1,1620.3564453125,1030.23876953125,51.3995361328125,103.103759765625,0.6144146,-1,-1,-1
308,1,1621.23486328125,1033.2716064453125,49.4794921875,103.8505859375,0.7285421,-1,-1,-1
309,1,1621.001708984375,1032.8095703125,49.162353515625,106.7913818359375,0.77983665,-1,-1,-1
310,1,1620.8033447265625,1032.7393798828125,49.2989501953125,108.6441650390625,0.80006224,-1,-1,-1
311,1,1620.6405029296875,1032.9766845703125,49.4197998046875,109.8074951171875,0.79623544,-1,-1,-1
312,1,1621.014892578125,1039.2032470703125,42.805908203125,107.25439453125,0.4340888,-1,-1,-1
313,1,1621.76123046875,1046.2462158203125,44.0565185546875,101.246337890625,0.7140562,-1,-1,-1
314,1,1620.029541015625,1058.694580078125,46.16064453125,91.5540771484375,0.6669585,-1,-1,-1
315,1,1617.5343017578125,1063.1282958984375,50.1612548828125,88.3712158203125,0.48168823,-1,-1,-1
316,1,1616.5819091796875,1064.5181884765625,51.7061767578125,91.2662353515625,0.53596854,-1,-1,-1
317,1,1614.38671875,1065.5233154296875,56.2657470703125,95.4417724609375,0.72661644,-1,-1,-1
318,1,1613.3193359375,1063.4490966796875,60.3800048828125,103.3779296875,0.77422196,-1,-1,-1
319,1,1614.003662109375,1068.796630859375,61.858642578125,101.09033203125,0.8321771,-1,-1,-1
320,1,1611.678466796875,1071.625244140625,67.55322265625,103.3121337890625,0.83639044,-1,-1,-1
321,1,1613.6123046875,1076.8209228515625,66.9508056640625,101.4600830078125,0.7966609,-1,-1,-1
322,1,1612.90380859375,1076.860595703125,70.60400390625,105.7510986328125,0.7594072,-1,-1,-1
323,1,1612.202880859375,1084.4534912109375,71.857177734375,101.1796875,0.5754107,-1,-1,-1
324,1,1614.0909423828125,1083.3258056640625,72.54296875,106.2198486328125,0.69470173,-1,-1,-1
325,1,1618.8580322265625,1089.148681640625,70.3187255859375,104.2574462890625,0.7585135,-1,-1,-1
326,1,1618.8511962890625,1091.661376953125,71.6571044921875,105.2293701171875,0.82827705,-1,-1,-1
327,1,1624.767333984375,1095.2879638671875,68.2181396484375,104.9539794921875,0.73373735,-1,-1,-1
328,1,1623.83935546875,1095.211669921875,71.2249755859375,108.4285888671875,0.7382795,-1,-1,-1
329,1,1625.5428466796875,1098.27197265625,70.9276123046875,107.400390625,0.7752015,-1,-1,-1
330,1,1628.5467529296875,1101.68505859375,69.6907958984375,106.102294921875,0.86156636,-1,-1,-1
331,1,1628.7830810546875,1102.174560546875,70.36328125,108.3671875,0.83607924,-1,-1,-1
332,1,1628.7901611328125,1102.671630859375,71.1689453125,110.2301025390625,0.693733,-1,-1,-1
333,1,1633.3968505859375,1109.205078125,68.70361328125,106.8848876953125,0.80139285,-1,-1,-1
334,1,1632.798583984375,1109.3458251953125,70.3199462890625,109.3643798828125,0.83897823,-1,-1,-1
335,1,1632.573486328125,1112.509033203125,72.821533203125,107.8287353515625,0.77971953,-1,-1,-1
336,1,1633.966796875,1114.9046630859375,71.21923828125,107.230224609375,0.7402461,-1,-1,-1
337,1,1637.7213134765625,1113.22802734375,68.504150390625,111.021484375,0.7839414,-1,-1,-1
338,1,1635.3695068359375,1113.43701171875,71.6123046875,113.406494140625,0.8598434,-1,-1,-1
339,1,1636.632080078125,1113.764892578125,71.4039306640625,114.8779296875,0.82221544,-1,-1,-1
340,1,1636.2266845703125,1113.565673828125,72.5958251953125,116.9739990234375,0.81376594,-1,-1,-1
341,1,1634.5633544921875,1113.3631591796875,75.341552734375,118.8814697265625,0.7922325,-1,-1,-1
342,1,1643.5546875,1123.6151123046875,67.0262451171875,110.06689453125,0.8182513,-1,-1,-1
343,1,1643.368896484375,1126.307373046875,69.096435546875,109.36328125,0.87465024,-1,-1,-1
344,1,1643.39208984375,1126.527587890625,70.9915771484375,111.8255615234375,0.8662396,-1,-1,-1
345,1,1649.2611083984375,1133.232666015625,64.6754150390625,105.029296875,0.6532973,-1,-1,-1
346,1,1649.048583984375,1132.828369140625,65.4542236328125,106.7095947265625,0.69241226,-1,-1,-1
347,1,1648.871826171875,1132.3460693359375,66.0562744140625,108.898193359375,0.71481115,-1,-1,-1
348,1,1651.4078369140625,1144.3499755859375,58.6285400390625,100.1395263671875,0.6884427,-1,-1,-1
349,1,1650.8543701171875,1151.260498046875,58.08984375,97.544677734375,0.6405437,-1,-1,-1
350,1,1651.2288818359375,1156.7587890625,57.6806640625,98.0601806640625,0.81808966,-1,-1,-1
351,1,1662.22021484375,1160.977783203125,46.046142578125,100.230224609375,0.5462834,-1,-1,-1
352,1,1670.5748291015625,1158.1158447265625,37.3712158203125,107.06103515625,0.67024606,-1,-1,-1
353,1,1677.314697265625,1158.34130859375,31.5059814453125,114.376953125,0.6066886,-1,-1,-1
354,1,1677.6790771484375,1164.402587890625,31.0157470703125,115.926025390625,0.6944398,-1,-1,-1
355,1,1676.9949951171875,1169.6204833984375,31.4061279296875,119.4361572265625,0.62632686,-1,-1,-1
356,1,1673.4754638671875,1174.216796875,32.7843017578125,118.154541015625,0.5366505,-1,-1,-1
357,1,1672.5537109375,1182.37353515625,33.3956298828125,115.6353759765625,0.7247398,-1,-1,-1
358,1,1672.4359130859375,1186.9766845703125,32.439453125,117.604736328125,0.6887662,-1,-1,-1
359,1,1672.530517578125,1188.954345703125,30.505126953125,121.1226806640625,0.77785444,-1,-1,-1
360,1,1671.9793701171875,1196.4840087890625,31.5758056640625,119.5316162109375,0.80573493,-1,-1,-1
361,1,1669.501953125,1196.501953125,33.846435546875,119.1981201171875,0.785249,-1,-1,-1
362,1,1667.8931884765625,1198.900146484375,36.390380859375,116.0484619140625,0.7918509,-1,-1,-1
363,1,1664.2451171875,1205.6051025390625,43.5472412109375,107.5120849609375,0.6960085,-1,-1,-1
364,1,1661.528076171875,1213.7364501953125,48.3861083984375,102.6583251953125,0.8142483,-1,-1,-1
365,1,1660.09814453125,1213.952880859375,50.606201171875,103.502197265625,0.7923109,-1,-1,-1
366,1,1658.31982421875,1214.3477783203125,53.8841552734375,104.0947265625,0.75919235,-1,-1,-1
367,1,1656.387451171875,1213.5782470703125,56.307861328125,103.329345703125,0.74017423,-1,-1,-1
368,1,1647.6180419921875,1215.85791015625,67.9801025390625,100.77099609375,0.8008051,-1,-1,-1
369,1,1641.9820556640625,1218.3992919921875,69.3516845703125,92.8873291015625,0.8268114,-1,-1,-1
370,1,1636.5108642578125,1222.6104736328125,73.46044921875,85.623046875,0.81438714,-1,-1,-1
371,1,1632.5787353515625,1227.1064453125,79.8233642578125,80.6396484375,0.76675653,-1,-1,-1
372,1,1629.929931640625,1234.874267578125,85.963134765625,72.7659912109375,0.7229337,-1,-1,-1
373,1,1627.1080322265625,1242.37939453125,91.7255859375,64.3524169921875,0.7794329,-1,-1,-1
374,1,1621.350341796875,1249.4251708984375,101.1807861328125,59.2188720703125,0.75608516,-1,-1,-1
375,1,1617.7625732421875,1256.94091796875,105.424072265625,51.791748046875,0.83706665,-1,-1,-1
376,1,1616.2745361328125,1263.5638427734375,107.6414794921875,47.2813720703125,0.7600832,-1,-1,-1
377,1,1612.748779296875,1265.551025390625,112.305908203125,46.0428466796875,0.8086755,-1,-1,-1
378,1,1609.2171630859375,1269.5322265625,112.1549072265625,42.12646484375,0.72482723,-1,-1,-1
379,1,1607.6439208984375,1272.6865234375,112.89208984375,39.434814453125,0.60512805,-1,-1,-1
380,1,1604.8714599609375,1272.4036865234375,116.0155029296875,41.517578125,0.5888636,-1,-1,-1
381,1,1602.3660888671875,1273.8602294921875,119.53466796875,43.3533935546875,0.54839224,-1,-1,-1
382,1,1599.6544189453125,1273.9442138671875,122.435791015625,43.9622802734375,0.5399395,-1,-1,-1
383,1,1596.1943359375,1273.4434814453125,117.7401123046875,45.21484375,0.59431976,-1,-1,-1
384,1,1594.191162109375,1272.6126708984375,120.057373046875,46.978271484375,0.66488004,-1,-1,-1
385,1,1590.9342041015625,1272.6773681640625,109.351806640625,46.705322265625,0.6875086,-1,-1,-1
386,1,1588.660400390625,1272.1431884765625,112.644287109375,47.6160888671875,0.69193536,-1,-1,-1
387,1,1585.2535400390625,1272.9190673828125,106.066650390625,46.0009765625,0.5228027,-1,-1,-1
388,1,1582.602783203125,1273.0697021484375,110.539306640625,45.426025390625,0.59281695,-1,-1,-1
389,1,1578.64111328125,1267.14990234375,104.9732666015625,50.375244140625,0.6995531,-1,-1,-1
390,1,1577.0125732421875,1266.886474609375,106.038818359375,51.309326171875,0.79778165,-1,-1,-1
391,1,1573.68017578125,1264.4066162109375,108.244384765625,54.6717529296875,0.8385655,-1,-1,-1
392,1,1570.54296875,1264.437744140625,111.597900390625,55.253173828125,0.7641749,-1,-1,-1
393,1,1567.8056640625,1265.874267578125,109.7911376953125,54.3775634765625,0.663991,-1,-1,-1
394,1,1566.44921875,1270.9100341796875,109.8829345703125,50.6226806640625,0.7724651,-1,-1,-1
395,1,1562.69189453125,1270.81298828125,114.06494140625,50.4139404296875,0.7986897,-1,-1,-1
396,1,1561.7811279296875,1269.7845458984375,114.1368408203125,47.0458984375,0.6689586,-1,-1,-1
397,1,1560.65234375,1272.046142578125,100.2720947265625,40.4371337890625,0.62414163,-1,-1,-1
398,1,1558.2821044921875,1275.5985107421875,93.617919921875,41.4879150390625,0.4973263,-1,-1,-1
399,1,1558.26953125,1271.7572021484375,92.524169921875,47.9371337890625,0.6044426,-1,-1,-1
400,1,1551.6519775390625,1270.7628173828125,91.3026123046875,51.2177734375,0.5400687,-1,-1,-1
401,1,1548.9906005859375,1271.4195556640625,93.3651123046875,49.7015380859375,0.6834285,-1,-1,-1
402,1,1543.745849609375,1268.4246826171875,98.470703125,49.0511474609375,0.5271928,-1,-1,-1
403,1,1539.9031982421875,1266.180419921875,105.203369140625,53.1136474609375,0.5539541,-1,-1,-1
404,1,1533.9788818359375,1267.2918701171875,104.6844482421875,57.0894775390625,0.7411531,-1,-1,-1
405,1,1528.1097412109375,1262.429443359375,102.9609375,60.8238525390625,0.66423976,-1,-1,-1
406,1,1522.9144287109375,1258.951171875,107.2066650390625,65.671630859375,0.82164776,-1,-1,-1
407,1,1517.80810546875,1256.944091796875,108.34375,67.6551513671875,0.7718679,-1,-1,-1
408,1,1514.02392578125,1255.9688720703125,109.3270263671875,63.839599609375,0.8051092,-1,-1,-1
409,1,1511.0152587890625,1251.963134765625,103.49462890625,60.4453125,0.8045726,-1,-1,-1
410,1,1507.2706298828125,1250.0684814453125,106.9349365234375,62.775390625,0.84043,-1,-1,-1
411,1,1503.3746337890625,1249.028076171875,110.728271484375,63.5528564453125,0.78026694,-1,-1,-1
412,1,1499.5048828125,1247.5321044921875,107.2545166015625,64.6785888671875,0.8229515,-1,-1,-1
413,1,1495.784423828125,1245.260498046875,110.7086181640625,67.3614501953125,0.7391455,-1,-1,-1
414,1,1492.8714599609375,1239.955078125,112.9530029296875,69.244140625,0.72257006,-1,-1,-1
415,1,1488.114501953125,1239.804931640625,114.5135498046875,67.789306640625,0.84310675,-1,-1,-1
416,1,1485.71533203125,1238.09375,115.6766357421875,67.732421875,0.83018506,-1,-1,-1
417,1,1482.396728515625,1236.437255859375,118.473876953125,68.3785400390625,0.67622477,-1,-1,-1
418,1,1478.0355224609375,1233.7879638671875,118.71044921875,67.2694091796875,0.737124,-1,-1,-1
419,1,1475.3577880859375,1233.0333251953125,121.9639892578125,67.821533203125,0.80914986,-1,-1,-1
420,1,1472.744140625,1231.90771484375,125.32470703125,69.50390625,0.828714,-1,-1,-1
421,1,1469.217041015625,1231.8226318359375,104.072509765625,61.1170654296875,0.57115555,-1,-1,-1
422,1,1467.199462890625,1226.508056640625,105.7139892578125,65.1326904296875,0.688892,-1,-1,-1
423,1,1465.3919677734375,1224.9508056640625,107.5662841796875,66.7252197265625,0.80034477,-1,-1,-1
424,1,1462.436767578125,1222.7303466796875,107.066650390625,68.1168212890625,0.7290735,-1,-1,-1
425,1,1458.4306640625,1222.5009765625,108.1854248046875,68.8004150390625,0.7877457,-1,-1,-1
426,1,1456.623046875,1221.598876953125,109.897705078125,69.6307373046875,0.84247154,-1,-1,-1
427,1,1456.2974853515625,1220.7340087890625,105.8125,68.093017578125,0.8035608,-1,-1,-1
428,1,1453.899658203125,1218.9237060546875,108.1588134765625,70.23583984375,0.74033374,-1,-1,-1
429,1,1450.8839111328125,1219.6234130859375,106.7620849609375,68.12548828125,0.6276396,-1,-1,-1
430,1,1450.5614013671875,1216.3253173828125,103.0400390625,62.518798828125,0.7879994,-1,-1,-1
431,1,1446.9122314453125,1214.9609375,108.3109130859375,63.821044921875,0.77331066,-1,-1,-1
432,1,1444.60791015625,1214.72119140625,101.8194580078125,64.0078125,0.69418687,-1,-1,-1
433,1,1443.2418212890625,1210.9024658203125,101.4033203125,62.6671142578125,0.6435084,-1,-1,-1
434,1,1441.239990234375,1209.388916015625,104.0169677734375,64.8897705078125,0.73441666,-1,-1,-1
435,1,1438.0684814453125,1208.0106201171875,108.2791748046875,66.60400390625,0.77101004,-1,-1,-1
436,1,1434.07080078125,1209.2322998046875,105.0068359375,63.958740234375,0.7219221,-1,-1,-1
437,1,1430.099609375,1212.017578125,78.916748046875,59.4857177734375,0.5469075,-1,-1,-1
438,1,1429.506103515625,1210.9281005859375,76.418212890625,59.0723876953125,0.7625553,-1,-1,-1
439,1,1428.55712890625,1210.0933837890625,74.1776123046875,56.466064453125,0.69549155,-1,-1,-1
440,1,1419.8948974609375,1207.9591064453125,83.164794921875,57.470947265625,0.59490883,-1,-1,-1
441,1,1415.1385498046875,1206.86669921875,90.9664306640625,60.3670654296875,0.74376297,-1,-1,-1
442,1,1410.7330322265625,1203.15576171875,93.8807373046875,69.23876953125,0.81264323,-1,-1,-1
443,1,1403.1531982421875,1201.1002197265625,98.364501953125,76.60107421875,0.8837446,-1,-1,-1
444,1,1396.032958984375,1200.466796875,92.765380859375,80.60107421875,0.8790678,-1,-1,-1
445,1,1389.517822265625,1201.8651123046875,92.26171875,85.79345703125,0.73667395,-1,-1,-1
446,1,1384.89501953125,1202.91845703125,91.8004150390625,87.4632568359375,0.78830427,-1,-1,-1
447,1,1379.6375732421875,1205.8134765625,93.871337890625,88.200439453125,0.8721196,-1,-1,-1
448,1,1376.963623046875,1212.492919921875,90.103271484375,83.9896240234375,0.72341156,-1,-1,-1
449,1,1373.1055908203125,1216.9072265625,92.1624755859375,82.808837890625,0.8185517,-1,-1,-1
450,1,1369.70068359375,1223.4822998046875,93.647216796875,80.855712890625,0.8762008,-1,-1,-1
451,1,1366.9141845703125,1229.5362548828125,96.015869140625,75.986083984375,0.72018313,-1,-1,-1
452,1,1362.3525390625,1232.904541015625,96.9232177734375,77.3787841796875,0.8167945,-1,-1,-1
453,1,1361.4747314453125,1235.7508544921875,96.4588623046875,77.821533203125,0.8411682,-1,-1,-1
454,1,1359.338623046875,1240.9586181640625,97.8536376953125,75.9044189453125,0.7337353,-1,-1,-1
455,1,1358.695068359375,1241.55712890625,96.507568359375,78.0433349609375,0.79942685,-1,-1,-1
456,1,1356.8876953125,1242.014404296875,98.2747802734375,79.2313232421875,0.77777195,-1,-1,-1
457,1,1353.1748046875,1243.5308837890625,92.0582275390625,79.017333984375,0.8324439,-1,-1,-1
458,1,1349.0823974609375,1240.8929443359375,91.19384765625,82.4896240234375,0.7526824,-1,-1,-1
459,1,1348.24462890625,1239.069580078125,90.1546630859375,84.297607421875,0.8489295,-1,-1,-1
460,1,1345.2813720703125,1239.383544921875,93.181884765625,82.7332763671875,0.8569788,-1,-1,-1
461,1,1340.40771484375,1233.948974609375,88.6785888671875,83.10888671875,0.8057348,-1,-1,-1
462,1,1334.6131591796875,1232.6202392578125,85.990478515625,81.406982421875,0.74181783,-1,-1,-1
463,1,1328.5987548828125,1239.962158203125,86.865966796875,71.142333984375,0.60272366,-1,-1,-1
464,1,1325.231689453125,1253.5799560546875,88.3265380859375,57.2999267578125,0.6956846,-1,-1,-1
465,1,1320.937744140625,1257.9915771484375,95.6185302734375,51.2550048828125,0.6401781,-1,-1,-1
466,1,1315.286376953125,1271.6151123046875,103.14111328125,38.3201904296875,0.7106636,-1,-1,-1
467,1,1311.1412353515625,1280.167724609375,106.3367919921875,32.44970703125,0.5030593,-1,-1,-1
468,1,1304.4744873046875,1283.5048828125,110.5655517578125,28.24951171875,0.5811031,-1,-1,-1
469,1,1300.7288818359375,1283.6409912109375,115.8704833984375,28.39111328125,0.6460079,-1,-1,-1
470,1,1297.7110595703125,1282.8675537109375,120.3709716796875,29.8109130859375,0.62363815,-1,-1,-1
471,1,1294.1937255859375,1282.3880615234375,124.3375244140625,30.6368408203125,0.5141142,-1,-1,-1
472,1,1288.65966796875,1283.0887451171875,124.407958984375,29.5732421875,0.57989174,-1,-1,-1
473,1,1284.82861328125,1283.306640625,129.7266845703125,29.7874755859375,0.61630094,-1,-1,-1
474,1,1280.5955810546875,1282.5078125,135.0330810546875,30.81298828125,0.56044346,-1,-1,-1
475,1,1276.3310546875,1282.8291015625,133.3638916015625,30.9197998046875,0.5565869,-1,-1,-1
476,1,1271.1304931640625,1283.470703125,123.8115234375,28.2755126953125,0.5924607,-1,-1,-1
477,1,1267.2489013671875,1283.312255859375,129.42724609375,28.5645751953125,0.5854849,-1,-1,-1
478,1,1263.775634765625,1283.33740234375,121.5086669921875,28.8756103515625,0.63071245,-1,-1,-1
479,1,1261.205810546875,1282.9326171875,125.2996826171875,29.7874755859375,0.6055592,-1,-1,-1
480,1,1258.7977294921875,1282.6422119140625,127.987548828125,30.1719970703125,0.56843674,-1,-1,-1
481,1,1255.1143798828125,1282.0003662109375,122.0159912109375,29.074462890625,0.51755273,-1,-1,-1
482,1,1252.9906005859375,1281.9630126953125,123.7191162109375,30.059326171875,0.4459495,-1,-1,-1
483,1,1249.114501953125,1281.763916015625,120.4180908203125,29.656982421875,0.3803042,-1,-1,-1
484,1,1247.4503173828125,1281.8387451171875,120.1468505859375,29.62939453125,0.45895818,-1,-1,-1
485,1,1244.6070556640625,1281.2462158203125,124.338134765625,30.601318359375,0.4547877,-1,-1,-1
486,1,1241.590087890625,1281.2203369140625,127.4423828125,31.0626220703125,0.377161,-1,-1,-1
487,1,1238.43896484375,1281.4700927734375,123.0028076171875,29.63330078125,0.47390565,-1,-1,-1
488,1,1237.0069580078125,1278.980712890625,123.762451171875,28.006103515625,0.4262563,-1,-1,-1
489,1,1234.592041015625,1278.3587646484375,127.1204833984375,28.9718017578125,0.44829088,-1,-1,-1
490,1,1231.87890625,1281.6656494140625,132.131103515625,29.0216064453125,0.36713055,-1,-1,-1
491,1,1228.4107666015625,1279.047119140625,126.356201171875,27.401123046875,0.38466394,-1,-1,-1
492,1,1225.785400390625,1278.5767822265625,129.9697265625,28.273193359375,0.4844971,-1,-1,-1
493,1,1222.5975341796875,1278.4525146484375,121.1463623046875,26.29736328125,0.36046663,-1,-1,-1
494,1,1220.4830322265625,1278.5028076171875,121.2012939453125,27.45361328125,0.42410904,-1,-1,-1
495,1,1218.4791259765625,1278.017822265625,123.767822265625,28.428955078125,0.42243484,-1,-1,-1
496,1,1215.710693359375,1278.2255859375,119.6158447265625,27.4329833984375,0.44089592,-1,-1,-1
497,1,1215.2178955078125,1278.0267333984375,119.026611328125,27.7440185546875,0.36685032,-1,-1,-1
498,1,1211.835205078125,1273.6129150390625,107.5262451171875,37.7176513671875,0.61000514,-1,-1,-1
499,1,1217.185791015625,1273.01904296875,92.4443359375,50.080810546875,0.65309876,-1,-1,-1
500,1,1217.473388671875,1267.935791015625,80.173095703125,60.521240234375,0.69471794,-1,-1,-1
501,1,1223.8277587890625,1264.8487548828125,67.922607421875,68.0079345703125,0.72241336,-1,-1,-1
502,1,1223.6240234375,1260.2039794921875,66.4454345703125,74.6375732421875,0.7576568,-1,-1,-1
503,1,1219.0372314453125,1258.302734375,61.5992431640625,75.4803466796875,0.6057625,-1,-1,-1
504,1,1219.23681640625,1254.64404296875,59.5303955078125,76.918212890625,0.6182777,-1,-1,-1
505,1,1218.3822021484375,1252.5706787109375,62.0299072265625,80.497314453125,0.66140586,-1,-1,-1
506,1,1214.9105224609375,1248.728515625,68.772705078125,84.728515625,0.7906778,-1,-1,-1
507,1,1217.0687255859375,1247.2354736328125,73.767333984375,84.7962646484375,0.7337157,-1,-1,-1
508,1,1217.269287109375,1247.7750244140625,75.8992919921875,81.873779296875,0.81462157,-1,-1,-1
509,1,1216.0430908203125,1256.0465087890625,81.0318603515625,70.715087890625,0.8122865,-1,-1,-1
510,1,1212.5594482421875,1266.28955078125,90.22119140625,60.7598876953125,0.79455286,-1,-1,-1
511,1,1207.279296875,1273.949951171875,102.7962646484375,54.288330078125,0.6610913,-1,-1,-1
512,1,1210.357177734375,1289.82958984375,104.937744140625,39.0015869140625,0.49734607,-1,-1,-1
513,1,1208.366455078125,1297.5299072265625,112.47021484375,35.101806640625,0.68880653,-1,-1,-1
514,1,1214.4176025390625,1296.2750244140625,113.6475830078125,37.267333984375,0.58896774,-1,-1,-1
515,1,1224.482177734375,1293.74560546875,110.1717529296875,40.9732666015625,0.66119117,-1,-1,-1
516,1,1223.8763427734375,1292.882568359375,117.8033447265625,42.957275390625,0.7822566,-1,-1,-1
517,1,1235.40234375,1294.869873046875,113.2261962890625,44.3165283203125,0.65100485,-1,-1,-1
518,1,1246.46826171875,1306.832763671875,106.235107421875,35.1929931640625,0.69709486,-1,-1,-1
519,1,1253.9820556640625,1306.03759765625,103.3260498046875,40.113525390625,0.5473206,-1,-1,-1
520,1,1255.1790771484375,1306.1671142578125,109.5611572265625,39.667724609375,0.5184918,-1,-1,-1
521,1,1270.8193359375,1300.4317626953125,104.883544921875,43.6468505859375,0.69258195,-1,-1,-1
522,1,1277.1810302734375,1303.32763671875,107.51513671875,39.5760498046875,0.6307078,-1,-1,-1
523,1,1291.0911865234375,1307.94970703125,101.5093994140625,34.455810546875,0.61888,-1,-1,-1
524,1,1301.9737548828125,1314.1605224609375,97.2381591796875,31.7606201171875,0.47677082,-1,-1,-1
525,1,1304.9986572265625,1313.4415283203125,104.016845703125,36.05224609375,0.6810432,-1,-1,-1
526,1,1304.2181396484375,1313.2587890625,113.4903564453125,37.7039794921875,0.5669046,-1,-1,-1
527,1,1316.8126220703125,1312.600830078125,111.11962890625,35.17236328125,0.5164326,-1,-1,-1
528,1,1316.1961669921875,1309.8935546875,122.524658203125,32.27099609375,0.5168529,-1,-1,-1
529,1,1332.9315185546875,1308.563232421875,112.2344970703125,27.662841796875,0.52911526,-1,-1,-1
530,1,1335.12353515625,1309.0755615234375,117.146240234375,25.56787109375,0.4341744,-1,-1,-1
531,1,1343.172119140625,1308.3128662109375,115.796875,26.435546875,0.47291443,-1,-1,-1
532,1,1350.40673828125,1303.7362060546875,117.5849609375,28.1781005859375,0.5200412,-1,-1,-1
533,1,1358.15966796875,1303.1173095703125,116.1497802734375,29.6099853515625,0.5135559,-1,-1,-1
534,1,1358.34326171875,1302.112060546875,122.8544921875,30.920654296875,0.4295754,-1,-1,-1
535,1,1374.6021728515625,1301.2745361328125,114.1544189453125,32.811279296875,0.48934,-1,-1,-1
536,1,1377.4285888671875,1301.264892578125,119.4320068359375,33.6580810546875,0.4396074,-1,-1,-1
537,1,1382.4481201171875,1299.8289794921875,122.423828125,36.4981689453125,0.63997823,-1,-1,-1
538,1,1387.267333984375,1299.29052734375,124.1121826171875,36.7568359375,0.6469094,-1,-1,-1
539,1,1387.5802001953125,1299.5853271484375,129.46142578125,36.1885986328125,0.679432,-1,-1,-1
540,1,1396.8587646484375,1299.2796630859375,126.3427734375,36.70947265625,0.719981,-1,-1,-1
541,1,1402.771240234375,1298.8460693359375,126.3231201171875,35.10498046875,0.7707416,-1,-1,-1
542,1,1406.2464599609375,1298.4652099609375,128.2327880859375,35.203857421875,0.7540307,-1,-1,-1
543,1,1411.111572265625,1298.03369140625,127.774169921875,35.4405517578125,0.800525,-1,-1,-1
544,1,1414.4864501953125,1297.768798828125,130.2645263671875,35.6392822265625,0.7113417,-1,-1,-1
545,1,1421.6522216796875,1298.50732421875,129.2054443359375,34.4095458984375,0.8319961,-1,-1,-1
546,1,1426.877197265625,1297.812744140625,126.8673095703125,34.109130859375,0.7030651,-1,-1,-1
547,1,1426.459228515625,1297.33740234375,133.3798828125,35.7926025390625,0.82327527,-1,-1,-1
548,1,1433.8582763671875,1297.8187255859375,129.8153076171875,34.9534912109375,0.6887592,-1,-1,-1
549,1,1432.7772216796875,1297.1497802734375,136.2835693359375,35.658935546875,0.7717863,-1,-1,-1
550,1,1442.250732421875,1296.1927490234375,131.1376953125,34.5010986328125,0.67021835,-1,-1,-1
551,1,1446.5662841796875,1293.30126953125,131.243408203125,33.6805419921875,0.59555817,-1,-1,-1
552,1,1451.07861328125,1292.8145751953125,131.3653564453125,33.786865234375,0.6517492,-1,-1,-1
553,1,1452.2196044921875,1292.055419921875,133.8505859375,35.6162109375,0.6955593,-1,-1,-1
554,1,1452.3319091796875,1291.9366455078125,138.3145751953125,35.3306884765625,0.59533197,-1,-1,-1
555,1,1458.964111328125,1292.0767822265625,135.045166015625,34.9078369140625,0.71052086,-1,-1,-1
556,1,1462.0797119140625,1291.7230224609375,136.1192626953125,33.9139404296875,0.62311393,-1,-1,-1
557,1,1466.0830078125,1290.2926025390625,135.8328857421875,38.47265625,0.6037839,-1,-1,-1
558,1,1484.4730224609375,1290.04833984375,116.6905517578125,48.8770751953125,0.78512174,-1,-1,-1
559,1,1492.5955810546875,1284.6893310546875,106.5037841796875,59.50732421875,0.76510024,-1,-1,-1
560,1,1505.4117431640625,1279.8699951171875,93.93505859375,72.5699462890625,0.83363783,-1,-1,-1
561,1,1512.828857421875,1269.9979248046875,91.5504150390625,87.992919921875,0.7967571,-1,-1,-1
562,1,1520.807373046875,1269.6153564453125,92.2537841796875,94.9547119140625,0.7772926,-1,-1,-1
563,1,1531.3076171875,1270.5751953125,88.5411376953125,102.572509765625,0.77600694,-1,-1,-1
564,1,1530.013671875,1270.6851806640625,96.7677001953125,109.1209716796875,0.90663767,-1,-1,-1
565,1,1540.69140625,1276.3763427734375,96.4537353515625,112.057861328125,0.8524727,-1,-1,-1
566,1,1548.396240234375,1285.189697265625,93.864990234375,106.5172119140625,0.8518759,-1,-1,-1
567,1,1547.4813232421875,1291.3079833984375,99.348876953125,102.663818359375,0.80392146,-1,-1,-1
568,1,1551.24462890625,1291.8291015625,102.8448486328125,102.864501953125,0.8709763,-1,-1,-1
569,1,1550.639404296875,1294.07666015625,109.655029296875,96.639892578125,0.8097983,-1,-1,-1
570,1,1556.3525390625,1296.28759765625,109.11376953125,90.9530029296875,0.86270404,-1,-1,-1
571,1,1569.617919921875,1310.7764892578125,99.8057861328125,78.6385498046875,0.8327255,-1,-1,-1
572,1,1571.944091796875,1324.2589111328125,102.4681396484375,65.8387451171875,0.7413259,-1,-1,-1
573,1,1567.869873046875,1335.82568359375,110.151123046875,55.5238037109375,0.57910323,-1,-1,-1
574,1,1569.017578125,1341.2646484375,115.2874755859375,49.552978515625,0.8534334,-1,-1,-1
575,1,1568.92626953125,1342.13330078125,121.7650146484375,47.3662109375,0.84697497,-1,-1,-1
576,1,1573.5511474609375,1339.89892578125,122.6490478515625,49.708740234375,0.8291519,-1,-1,-1
577,1,1576.201416015625,1336.171630859375,125.834716796875,56.5657958984375,0.8335725,-1,-1,-1
578,1,1578.08447265625,1333.7572021484375,129.803466796875,61.280517578125,0.8548632,-1,-1,-1
579,1,1583.0885009765625,1331.8524169921875,129.331298828125,63.3365478515625,0.82849836,-1,-1,-1
580,1,1589.057861328125,1328.1890869140625,129.28955078125,65.2164306640625,0.8284198,-1,-1,-1
581,1,1596.8897705078125,1327.3477783203125,126.8221435546875,63.60546875,0.88409543,-1,-1,-1
582,1,1597.1351318359375,1325.5582275390625,131.8553466796875,63.6983642578125,0.91529405,-1,-1,-1
583,1,1597.6925048828125,1324.095458984375,135.254638671875,65.456787109375,0.8666544,-1,-1,-1
584,1,1606.83837890625,1323.41552734375,130.35400390625,61.857666015625,0.785265,-1,-1,-1
585,1,1610.569580078125,1320.839599609375,131.0428466796875,63.0673828125,0.65908414,-1,-1,-1
586,1,1611.6004638671875,1319.2825927734375,132.904296875,64.8719482421875,0.8440559,-1,-1,-1
587,1,1621.802001953125,1318.2462158203125,127.5074462890625,64.818603515625,0.8690558,-1,-1,-1
588,1,1622.3109130859375,1316.1116943359375,132.0692138671875,67.0916748046875,0.91670734,-1,-1,-1
589,1,1628.0948486328125,1313.8333740234375,131.642333984375,67.5615234375,0.8738874,-1,-1,-1
590,1,1632.9013671875,1312.8153076171875,129.7008056640625,68.5174560546875,0.8927972,-1,-1,-1
591,1,1632.110107421875,1311.80859375,133.9947509765625,69.5137939453125,0.7785245,-1,-1,-1
592,1,1637.6943359375,1309.9775390625,131.335205078125,68.295654296875,0.8318414,-1,-1,-1
593,1,1639.582275390625,1309.01025390625,132.270751953125,68.3369140625,0.88176984,-1,-1,-1
594,1,1637.3387451171875,1307.9559326171875,138.2978515625,70.4239501953125,0.87594336,-1,-1,-1
595,1,1646.3050537109375,1306.2318115234375,132.5191650390625,69.236083984375,0.92203164,-1,-1,-1
596,1,1649.9825439453125,1305.43701171875,131.508544921875,68.3880615234375,0.8665545,-1,-1,-1
597,1,1652.03173828125,1303.6524658203125,133.71337890625,69.9404296875,0.8507545,-1,-1,-1
598,1,1650.1942138671875,1301.957275390625,139.2835693359375,74.9256591796875,0.9082846,-1,-1,-1
599,1,1656.2979736328125,1302.367919921875,134.5977783203125,71.6165771484375,0.85124755,-1,-1,-1
600,1,1659.29296875,1300.1766357421875,134.9991455078125,70.7039794921875,0.71150196,-1,-1,-1
601,1,1664.6688232421875,1298.1630859375,131.7852783203125,71.78369140625,0.90234673,-1,-1,-1
602,1,1668.77587890625,1294.5360107421875,128.3148193359375,73.4168701171875,0.8174426,-1,-1,-1
603,1,1672.758056640625,1277.6297607421875,118.2882080078125,78.7039794921875,0.874568,-1,-1,-1
604,1,1680.212646484375,1270.6810302734375,104.3388671875,84.3363037109375,0.7827963,-1,-1,-1
605,1,1698.234375,1262.3323974609375,85.2884521484375,94.1021728515625,0.77089137,-1,-1,-1
606,1,1717.0169677734375,1251.3861083984375,71.5650634765625,111.3785400390625,0.8338415,-1,-1,-1
607,1,1737.604248046875,1234.669677734375,53.70654296875,132.5111083984375,0.73195684,-1,-1,-1
608,1,1752.8046875,1223.0030517578125,41.2366943359375,138.6573486328125,0.7225855,-1,-1,-1
609,1,1752.1358642578125,1210.8934326171875,43.73583984375,143.7021484375,0.807036,-1,-1,-1
610,1,1749.3121337890625,1200.3646240234375,47.2418212890625,145.638671875,0.86559236,-1,-1,-1
611,1,1754.6549072265625,1186.5423583984375,40.9468994140625,135.281982421875,0.6315778,-1,-1,-1
612,1,1758.9000244140625,1174.998046875,38.946044921875,141.7315673828125,0.69140434,-1,-1,-1
613,1,1765.0106201171875,1163.0955810546875,33.4698486328125,139.75634765625,0.74409705,-1,-1,-1
614,1,1767.72216796875,1152.52392578125,31.0234375,143.7142333984375,0.61531466,-1,-1,-1
615,1,1771.4239501953125,1141.636474609375,28.822265625,145.299560546875,0.66629666,-1,-1,-1
616,1,1772.675048828125,1132.7740478515625,29.0419921875,150.103271484375,0.7259634,-1,-1,-1
617,1,1773.377197265625,1123.98095703125,27.250732421875,145.206787109375,0.7211026,-1,-1,-1
618,1,1773.5823974609375,1115.275146484375,27.79150390625,144.58935546875,0.72123826,-1,-1,-1
619,1,1774.2921142578125,1106.7845458984375,26.5439453125,144.6326904296875,0.69847286,-1,-1,-1
620,1,1774.3619384765625,1097.8702392578125,27.263916015625,144.140625,0.65341574,-1,-1,-1
621,1,1774.6806640625,1089.1307373046875,27.6697998046875,144.776611328125,0.6904727,-1,-1,-1
622,1,1775.30419921875,1081.2989501953125,27.447509765625,145.1136474609375,0.7639637,-1,-1,-1
623,1,1774.6417236328125,1073.174072265625,29.8011474609375,144.8199462890625,0.7966987,-1,-1,-1
624,1,1774.23876953125,1065.4832763671875,31.291748046875,145.0244140625,0.8158549,-1,-1,-1
625,1,1771.5814208984375,1059.852294921875,38.0301513671875,139.7811279296875,0.84696954,-1,-1,-1
626,1,1772.8729248046875,1053.048583984375,42.94384765625,133.7437744140625,0.72377956,-1,-1,-1
627,1,1770.29248046875,1045.5494384765625,48.132568359375,128.4305419921875,0.607616,-1,-1,-1
628,1,1764.229736328125,1035.695068359375,54.61572265625,130.926025390625,0.65243685,-1,-1,-1
629,1,1760.2276611328125,1024.898681640625,59.9161376953125,129.68896484375,0.84512335,-1,-1,-1
630,1,1758.3577880859375,1014.0394287109375,63.1431884765625,130.8883056640625,0.9095509,-1,-1,-1
631,1,1761.1749267578125,1003.0313110351562,60.958740234375,132.09954833984375,0.8326838,-1,-1,-1
632,1,1769.754638671875,994.1814575195312,53.0574951171875,131.92803955078125,0.84383607,-1,-1,-1
633,1,1774.89501953125,984.470458984375,49.627685546875,137.8070068359375,0.78579384,-1,-1,-1
634,1,1785.9722900390625,976.323486328125,39.60986328125,138.5322265625,0.8670979,-1,-1,-1
635,1,1791.3275146484375,967.9100952148438,34.7772216796875,138.11492919921875,0.69644815,-1,-1,-1
636,1,1796.687255859375,958.558837890625,30.8831787109375,139.6951904296875,0.7534197,-1,-1,-1
637,1,1798.1156005859375,949.6033935546875,30.1954345703125,143.4212646484375,0.76417774,-1,-1,-1
638,1,1797.51708984375,943.3560180664062,32.78857421875,140.58331298828125,0.7279391,-1,-1,-1
639,1,1798.12939453125,935.4989624023438,33.15576171875,146.56451416015625,0.69109505,-1,-1,-1
640,1,1798.315673828125,928.8186645507812,34.3291015625,142.64764404296875,0.6703578,-1,-1,-1
641,1,1798.0810546875,921.4061889648438,36.245361328125,135.16595458984375,0.68306804,-1,-1,-1
642,1,1797.593505859375,913.5035400390625,37.8282470703125,141.9681396484375,0.8247753,-1,-1,-1
643,1,1796.28125,907.7750244140625,40.3880615234375,139.6590576171875,0.8426813,-1,-1,-1
644,1,1795.6307373046875,901.8594970703125,41.970703125,136.005615234375,0.82974356,-1,-1,-1
645,1,1795.207763671875,897.2234497070312,41.6248779296875,137.95123291015625,0.7625283,-1,-1,-1
646,1,1795.20556640625,892.3668212890625,41.9630126953125,136.5638427734375,0.8346264,-1,-1,-1
647,1,1795.9288330078125,886.970947265625,40.7628173828125,134.71795654296875,0.75429857,-1,-1,-1
648,1,1795.6295166015625,881.5037231445312,40.718017578125,137.23046875,0.78942376,-1,-1,-1
649,1,1803.657470703125,875.6326293945312,33.11376953125,137.63427734375,0.7459656,-1,-1,-1
650,1,1804.441162109375,872.4285278320312,31.844482421875,137.5540771484375,0.6486323,-1,-1,-1
651,1,1806.0711669921875,867.9286499023438,30.6497802734375,137.16131591796875,0.7891598,-1,-1,-1
652,1,1805.61181640625,865.0111694335938,31.8375244140625,137.35528564453125,0.76766646,-1,-1,-1
653,1,1807.2974853515625,861.4066162109375,30.96533203125,134.8304443359375,0.7150937,-1,-1,-1
654,1,1807.6810302734375,857.4328002929688,34.2078857421875,137.99481201171875,0.6587713,-1,-1,-1
655,1,1812.2332763671875,852.71923828125,31.3109130859375,128.29620361328125,0.46159065,-1,-1,-1
656,1,1809.8594970703125,847.1724243164062,38.99072265625,124.8050537109375,0.7442759,-1,-1,-1
657,1,1808.9354248046875,839.9195556640625,37.9984130859375,120.41839599609375,0.6276174,-1,-1,-1
658,1,1804.26025390625,833.2762451171875,39.9530029296875,124.77801513671875,0.70578164,-1,-1,-1
659,1,1801.8016357421875,823.8170776367188,42.938720703125,135.54345703125,0.831887,-1,-1,-1
660,1,1802.5421142578125,814.6047973632812,41.856201171875,134.75408935546875,0.7458796,-1,-1,-1
661,1,1809.76708984375,802.1908569335938,37.175537109375,145.29754638671875,0.6443266,-1,-1,-1
662,1,1816.2318115234375,795.5985717773438,30.8238525390625,143.19122314453125,0.5447171,-1,-1,-1
663,1,1816.6856689453125,787.681884765625,31.49853515625,140.861083984375,0.5133652,-1,-1,-1
664,1,1816.2479248046875,778.8814086914062,31.2449951171875,141.93487548828125,0.548843,-1,-1,-1
665,1,1814.8428955078125,769.7078857421875,30.5198974609375,143.5302734375,0.614351,-1,-1,-1
666,1,1813.4052734375,762.6310424804688,30.858154296875,143.43743896484375,0.52616006,-1,-1,-1
667,1,1809.0411376953125,752.8035278320312,33.007080078125,145.172119140625,0.5644055,-1,-1,-1
668,1,1808.7857666015625,746.3942260742188,33.49462890625,142.78472900390625,0.62256813,-1,-1,-1
669,1,1806.871337890625,739.42822265625,36.7611083984375,144.33612060546875,0.48051688,-1,-1,-1
670,1,1808.2930908203125,732.0307006835938,35.04296875,151.78472900390625,0.5734372,-1,-1,-1
671,1,1812.71044921875,725.8596801757812,33.112548828125,135.52166748046875,0.5295346,-1,-1,-1
672,1,1812.425537109375,720.225341796875,32.7266845703125,144.06854248046875,0.5819352,-1,-1,-1
673,1,1812.5340576171875,712.090576171875,35.194580078125,147.6630859375,0.5586783,-1,-1,-1
674,1,1811.406005859375,705.2711791992188,37.06201171875,153.16162109375,0.67899925,-1,-1,-1
675,1,1811.0032958984375,701.918212890625,37.3173828125,147.481689453125,0.7311909,-1,-1,-1
676,1,1808.4222412109375,696.6765747070312,33.217529296875,143.480224609375,0.6692996,-1,-1,-1
677,1,1809.18115234375,690.7056274414062,31.9100341796875,151.10797119140625,0.7056669,-1,-1,-1
678,1,1806.5577392578125,687.508544921875,32.531005859375,137.5516357421875,0.759031,-1,-1,-1
679,1,1802.3134765625,680.8306274414062,36.235595703125,135.20703125,0.76315415,-1,-1,-1
680,1,1799.103515625,674.1179809570312,42.466064453125,134.094482421875,0.73344517,-1,-1,-1
681,1,1800.435546875,664.3602905273438,43.4970703125,137.9957275390625,0.84260964,-1,-1,-1
682,1,1805.255126953125,656.0399169921875,39.156982421875,133.7169189453125,0.7732913,-1,-1,-1
683,1,1805.12939453125,645.0031127929688,39.623779296875,138.37799072265625,0.6873876,-1,-1,-1
684,1,1804.5537109375,635.2353515625,36.48388671875,141.15838623046875,0.74677396,-1,-1,-1
685,1,1805.8045654296875,625.8534545898438,28.1138916015625,142.578125,0.5432072,-1,-1,-1
686,1,1802.8660888671875,616.6893920898438,27.3485107421875,143.7359619140625,0.66977364,-1,-1,-1
687,1,1801.4449462890625,608.1596069335938,27.556396484375,145.565185546875,0.7687204,-1,-1,-1
688,1,1800.0469970703125,600.5572509765625,28.357177734375,144.1214599609375,0.7871105,-1,-1,-1
689,1,1799.609130859375,593.5814819335938,28.6937255859375,144.84124755859375,0.7785456,-1,-1,-1
690,1,1799.3907470703125,586.9601440429688,29.35888671875,143.35198974609375,0.72865456,-1,-1,-1
691,1,1799.583984375,579.5874633789062,28.9962158203125,141.7989501953125,0.6792049,-1,-1,-1
692,1,1798.823974609375,572.5136108398438,30.051025390625,139.76934814453125,0.6133593,-1,-1,-1
693,1,1797.64013671875,566.5496215820312,31.474365234375,144.77294921875,0.73574466,-1,-1,-1
694,1,1797.458251953125,560.552978515625,31.4053955078125,141.43023681640625,0.75194645,-1,-1,-1
695,1,1797.0836181640625,553.6591796875,32.2371826171875,142.529296875,0.7278367,-1,-1,-1
696,1,1796.2237548828125,547.1793823242188,32.9664306640625,146.388671875,0.6175848,-1,-1,-1
697,1,1797.494140625,540.4186401367188,31.9390869140625,145.2005615234375,0.7308138,-1,-1,-1
698,1,1795.978271484375,535.4042358398438,34.288330078125,145.7855224609375,0.70729214,-1,-1,-1
699,1,1796.0152587890625,529.5620727539062,33.25634765625,149.1402587890625,0.6877908,-1,-1,-1
700,1,1795.9822998046875,525.8953857421875,33.0882568359375,144.96551513671875,0.7024259,-1,-1,-1
701,1,1795.5733642578125,519.0277099609375,34.00390625,145.28448486328125,0.5701514,-1,-1,-1
702,1,1795.8602294921875,513.3335571289062,32.2733154296875,147.70220947265625,0.5820187,-1,-1,-1
703,1,1795.5743408203125,509.90594482421875,35.112060546875,139.2801513671875,0.8288634,-1,-1,-1
704,1,1794.0048828125,504.0528564453125,42.01708984375,131.82672119140625,0.74989915,-1,-1,-1
705,1,1791.8236083984375,494.3890380859375,41.6749267578125,126.48345947265625,0.6628131,-1,-1,-1
706,1,1788.430908203125,486.1934814453125,36.7548828125,125.66998291015625,0.72021234,-1,-1,-1
707,1,1785.650634765625,474.6091003417969,40.214111328125,130.02304077148438,0.8370551,-1,-1,-1
708,1,1785.3055419921875,465.2327575683594,40.9345703125,129.14248657226562,0.8471902,-1,-1,-1
709,1,1789.8065185546875,452.4399719238281,39.2132568359375,133.84146118164062,0.6677168,-1,-1,-1
710,1,1793.8619384765625,441.78759765625,36.4202880859375,140.62823486328125,0.80310136,-1,-1,-1
711,1,1794.626220703125,432.9536437988281,40.0966796875,145.63302612304688,0.77395695,-1,-1,-1
712,1,1793.880126953125,423.7188720703125,40.2764892578125,147.0947265625,0.7159486,-1,-1,-1
713,1,1793.57470703125,416.3939514160156,35.768798828125,138.13778686523438,0.53679025,-1,-1,-1
714,1,1790.01123046875,406.7489013671875,35.78466796875,140.33837890625,0.71510816,-1,-1,-1
715,1,1790.0946044921875,399.5726013183594,31.2740478515625,139.12753295898438,0.8023164,-1,-1,-1
716,1,1789.5162353515625,391.1585388183594,30.2421875,140.27670288085938,0.78763294,-1,-1,-1
717,1,1788.88037109375,384.62786865234375,29.7420654296875,135.84210205078125,0.7328795,-1,-1,-1
718,1,1788.9185791015625,377.2974853515625,29.87744140625,137.0146484375,0.72979563,-1,-1,-1
719,1,1788.3226318359375,369.23779296875,30.509765625,138.12335205078125,0.6803053,-1,-1,-1
720,1,1788.142822265625,361.32501220703125,30.9202880859375,137.84817504882812,0.63729626,-1,-1,-1
721,1,1787.0828857421875,351.2101135253906,32.1895751953125,140.85433959960938,0.5245286,-1,-1,-1
722,1,1784.343994140625,347.39996337890625,32.159423828125,140.2860107421875,0.45255196,-1,-1,-1
723,1,1784.594482421875,337.8442077636719,31.8233642578125,144.30868530273438,0.49257305,-1,-1,-1
724,1,1783.5516357421875,332.21295166015625,32.5975341796875,139.96380615234375,0.6328934,-1,-1,-1
725,1,1781.823486328125,326.1438903808594,34.4493408203125,139.48220825195312,0.6576909,-1,-1,-1
726,1,1782.351806640625,322.2420959472656,33.58544921875,140.81863403320312,0.69775957,-1,-1,-1
727,1,1781.7266845703125,315.5159606933594,34.5377197265625,139.14593505859375,0.756449,-1,-1,-1
728,1,1778.7767333984375,308.7496337890625,38.8004150390625,141.67941284179688,0.7472507,-1,-1,-1
729,1,1779.88330078125,303.9562072753906,36.899658203125,144.53936767578125,0.7806283,-1,-1,-1
730,1,1779.1241455078125,300.1907958984375,37.2626953125,142.80389404296875,0.6885285,-1,-1,-1
731,1,1779.7041015625,294.4377136230469,36.73193359375,147.4814453125,0.7589686,-1,-1,-1
732,1,1780.5654296875,289.0993957519531,32.5250244140625,141.86044311523438,0.7489707,-1,-1,-1
733,1,1778.5428466796875,284.8626403808594,35.026123046875,138.19436645507812,0.69456816,-1,-1,-1
734,1,1778.8748779296875,280.5936279296875,32.1573486328125,138.968017578125,0.5468284,-1,-1,-1
735,1,1779.33056640625,275.4738464355469,31.3846435546875,136.17752075195312,0.657691,-1,-1,-1
736,1,1777.8583984375,270.60107421875,34.2991943359375,134.95773315429688,0.4820404,-1,-1,-1
737,1,1773.369140625,265.81231689453125,35.6549072265625,140.68365478515625,0.6628805,-1,-1,-1
738,1,1777.6378173828125,260.9229431152344,34.525634765625,137.54180908203125,0.47409177,-1,-1,-1
739,1,1774.0965576171875,256.8561248779297,35.38134765625,139.2764129638672,0.675865,-1,-1,-1
740,1,1773.400390625,253.6898193359375,36.9217529296875,140.81631469726562,0.54659647,-1,-1,-1
741,1,1773.2132568359375,250.45298767089844,36.698486328125,137.6967010498047,0.67685515,-1,-1,-1
742,1,1773.462158203125,245.44786071777344,36.7103271484375,143.1822967529297,0.6644683,-1,-1,-1
743,1,1777.63037109375,241.7069549560547,33.315673828125,138.7281951904297,0.6664563,-1,-1,-1
744,1,1773.1318359375,239.3459930419922,37.24609375,138.3090057373047,0.68454903,-1,-1,-1
745,1,1778.1754150390625,235.528076171875,32.98974609375,137.11489868164062,0.6181294,-1,-1,-1
746,1,1777.8154296875,232.06564331054688,32.8424072265625,140.22256469726562,0.6947619,-1,-1,-1
747,1,1777.9268798828125,227.0166015625,31.4552001953125,144.33282470703125,0.5302573,-1,-1,-1
748,1,1778.8504638671875,224.94155883789062,30.6082763671875,137.87203979492188,0.7000887,-1,-1,-1
749,1,1778.429931640625,222.18624877929688,31.68798828125,141.79315185546875,0.7184966,-1,-1,-1
750,1,1778.7840576171875,218.35012817382812,32.37060546875,137.0667724609375,0.6790793,-1,-1,-1
751,1,1778.4151611328125,214.3266143798828,32.1697998046875,138.79966735839844,0.75094295,-1,-1,-1
752,1,1778.5880126953125,211.1597442626953,31.3736572265625,142.39793395996094,0.62632483,-1,-1,-1
753,1,1780.19970703125,209.39891052246094,30.088134765625,137.4203643798828,0.7248696,-1,-1,-1
754,1,1780.2916259765625,206.48678588867188,30.3924560546875,140.85003662109375,0.77683383,-1,-1,-1
755,1,1780.1854248046875,203.537841796875,29.7694091796875,141.555419921875,0.7061597,-1,-1,-1
756,1,1770.19677734375,203.93795776367188,43.216796875,128.1890869140625,0.712556,-1,-1,-1
757,1,1759.786376953125,206.8832550048828,60.4298095703125,108.52900695800781,0.7858166,-1,-1,-1
758,1,1752.3787841796875,210.52127075195312,73.0831298828125,95.72836303710938,0.8489445,-1,-1,-1
759,1,1745.6370849609375,214.7753448486328,82.3580322265625,74.46424865722656,0.79486775,-1,-1,-1
760,1,1733.3272705078125,215.97036743164062,100.4149169921875,71.32797241210938,0.76547873,-1,-1,-1
761,1,1727.996337890625,212.09620666503906,115.515625,64.57832336425781,0.7001185,-1,-1,-1
762,1,1717.7391357421875,209.445556640625,127.6162109375,53.20635986328125,0.7759839,-1,-1,-1
763,1,1707.5167236328125,208.0923309326172,135.6868896484375,39.633514404296875,0.62546134,-1,-1,-1
764,1,1700.3525390625,206.65284729003906,138.005615234375,41.20036315917969,0.6140433,-1,-1,-1
765,1,1688.7266845703125,205.68002319335938,146.038330078125,43.255157470703125,0.6755383,-1,-1,-1
766,1,1680.346435546875,206.37879943847656,127.965087890625,41.22395324707031,0.7677322,-1,-1,-1
767,1,1668.402587890625,207.46847534179688,133.645263671875,33.216400146484375,0.6463869,-1,-1,-1
768,1,1659.18798828125,204.0734100341797,136.3463134765625,29.272933959960938,0.6746938,-1,-1,-1
769,1,1649.016357421875,203.00491333007812,134.9554443359375,28.479324340820312,0.67485636,-1,-1,-1
770,1,1637.5770263671875,202.92071533203125,139.6202392578125,28.427749633789062,0.80272937,-1,-1,-1
771,1,1629.4710693359375,204.0070037841797,137.7593994140625,26.42626953125,0.7767554,-1,-1,-1
772,1,1619.406494140625,204.47903442382812,147.9647216796875,25.974151611328125,0.67406714,-1,-1,-1
773,1,1611.1912841796875,205.60020446777344,142.7237548828125,24.681045532226562,0.5970557,-1,-1,-1
774,1,1603.1258544921875,205.22520446777344,140.9569091796875,24.96636962890625,0.68159217,-1,-1,-1
775,1,1597.8482666015625,204.8531494140625,143.65234375,25.679916381835938,0.709853,-1,-1,-1
776,1,1589.6781005859375,203.0511016845703,140.926513671875,29.117874145507812,0.73198885,-1,-1,-1
777,1,1583.076171875,203.7620849609375,139.9935302734375,27.595077514648438,0.7663591,-1,-1,-1
778,1,1575.5955810546875,203.3376922607422,139.696044921875,27.621322631835938,0.78069514,-1,-1,-1
779,1,1569.15673828125,202.5686492919922,139.100830078125,28.2520751953125,0.7428019,-1,-1,-1
780,1,1562.425048828125,202.35409545898438,137.0406494140625,27.46588134765625,0.6764064,-1,-1,-1
781,1,1554.822509765625,201.17816162109375,142.7120361328125,28.291854858398438,0.6075093,-1,-1,-1
782,1,1549.110595703125,201.05093383789062,143.337158203125,27.983306884765625,0.7033955,-1,-1,-1
783,1,1543.86083984375,200.85952758789062,138.927001953125,28.099609375,0.6606627,-1,-1,-1
784,1,1536.9012451171875,200.47828674316406,143.2816162109375,29.303436279296875,0.5134336,-1,-1,-1
785,1,1532.7894287109375,199.55401611328125,135.81884765625,34.07466125488281,0.6797264,-1,-1,-1
786,1,1526.732421875,197.64697265625,121.61083984375,42.3525390625,0.78842175,-1,-1,-1
787,1,1516.45556640625,196.17686462402344,123.853759765625,40.66314697265625,0.8565242,-1,-1,-1
788,1,1505.724853515625,196.29275512695312,131.9525146484375,36.56224060058594,0.65552545,-1,-1,-1
789,1,1494.8775634765625,193.66102600097656,138.2142333984375,34.610321044921875,0.67186797,-1,-1,-1
790,1,1485.564208984375,193.95010375976562,136.514404296875,34.75138854980469,0.7591316,-1,-1,-1
791,1,1476.5458984375,194.3031005859375,137.189697265625,33.941925048828125,0.7448069,-1,-1,-1
792,1,1467.5496826171875,195.13267517089844,135.3067626953125,32.111083984375,0.68806636,-1,-1,-1
793,1,1460.4283447265625,199.27963256835938,134.195556640625,32.02366638183594,0.75094455,-1,-1,-1
794,1,1451.025146484375,199.48219299316406,140.7041015625,32.63740539550781,0.7508596,-1,-1,-1
795,1,1444.092041015625,199.23263549804688,137.7384033203125,33.8599853515625,0.7438826,-1,-1,-1
796,1,1436.275146484375,198.545654296875,140.809814453125,35.053497314453125,0.6148617,-1,-1,-1
797,1,1428.304931640625,197.99191284179688,142.153564453125,36.93525695800781,0.7707059,-1,-1,-1
798,1,1423.030029296875,197.72140502929688,137.4708251953125,36.30674743652344,0.78267723,-1,-1,-1
799,1,1415.8831787109375,196.48428344726562,136.7335205078125,37.03498840332031,0.7700713,-1,-1,-1
800,1,1410.02001953125,195.68197631835938,136.25439453125,38.42247009277344,0.7725705,-1,-1,-1
801,1,1404.04833984375,195.5011749267578,133.6044921875,39.17681884765625,0.7118477,-1,-1,-1
802,1,1397.359619140625,194.4803466796875,135.295166015625,40.839019775390625,0.6379835,-1,-1,-1
803,1,1392.9324951171875,193.77696228027344,133.69287109375,41.542236328125,0.7417809,-1,-1,-1
804,1,1385.64208984375,190.119384765625,141.98046875,42.293487548828125,0.60768706,-1,-1,-1
805,1,1380.669677734375,191.62985229492188,135.864990234375,39.81324768066406,0.6510093,-1,-1,-1
806,1,1376.918212890625,191.90235900878906,137.0762939453125,39.6834716796875,0.63799953,-1,-1,-1
807,1,1371.1085205078125,191.8350830078125,133.357177734375,39.4769287109375,0.5435345,-1,-1,-1
808,1,1364.5611572265625,192.3763885498047,135.0213623046875,35.773406982421875,0.7427972,-1,-1,-1
809,1,1361.75390625,191.6973114013672,133.2491455078125,35.333282470703125,0.7547158,-1,-1,-1
810,1,1356.615234375,190.57162475585938,138.6365966796875,37.32200622558594,0.80693066,-1,-1,-1
811,1,1355.447998046875,188.24090576171875,127.93798828125,41.2960205078125,0.776835,-1,-1,-1
812,1,1356.9940185546875,185.0046844482422,116.00830078125,49.01121520996094,0.77492416,-1,-1,-1
813,1,1361.67333984375,181.0493927001953,98.2755126953125,57.13526916503906,0.81606823,-1,-1,-1
814,1,1364.4910888671875,175.67811584472656,82.91455078125,62.84251403808594,0.775795,-1,-1,-1
815,1,1364.804443359375,172.09860229492188,76.262451171875,67.59596252441406,0.6115764,-1,-1,-1
816,1,1365.4757080078125,169.26724243164062,71.38818359375,67.28659057617188,0.7249972,-1,-1,-1
817,1,1366.0594482421875,164.45140075683594,62.9376220703125,73.015625,0.712861,-1,-1,-1
818,1,1365.6859130859375,162.36410522460938,63.3138427734375,75.48947143554688,0.6688762,-1,-1,-1
819,1,1362.478515625,159.43862915039062,59.186279296875,78.60800170898438,0.7834017,-1,-1,-1
820,1,1361.9066162109375,157.60202026367188,56.996826171875,81.27899169921875,0.73238057,-1,-1,-1
821,1,1356.7994384765625,151.7818145751953,57.0408935546875,85.697265625,0.5863673,-1,-1,-1
822,1,1357.5101318359375,148.92037963867188,54.682373046875,89.69644165039062,0.72876143,-1,-1,-1
823,1,1358.3216552734375,144.9287872314453,53.123046875,94.73651123046875,0.78079945,-1,-1,-1
824,1,1358.529052734375,140.99534606933594,53.0728759765625,97.510009765625,0.74866253,-1,-1,-1
825,1,1358.7635498046875,138.10623168945312,52.500732421875,95.61174011230469,0.48812693,-1,-1,-1
826,1,1357.426513671875,138.35391235351562,54.592041015625,94.0098876953125,0.6790068,-1,-1,-1
827,1,1355.9666748046875,137.64328002929688,58.107177734375,93.67007446289062,0.7486466,-1,-1,-1
828,1,1354.0299072265625,143.41110229492188,61.2039794921875,86.25904846191406,0.6103404,-1,-1,-1
829,1,1351.576904296875,146.15614318847656,65.89794921875,85.01068115234375,0.67910546,-1,-1,-1
830,1,1349.2586669921875,146.4451904296875,72.1328125,85.71493530273438,0.69418603,-1,-1,-1
831,1,1347.9185791015625,146.71144104003906,75.2694091796875,85.64956665039062,0.7095454,-1,-1,-1
832,1,1346.2198486328125,147.51316833496094,75.68896484375,85.19093322753906,0.80504066,-1,-1,-1
833,1,1341.723388671875,145.264892578125,81.291748046875,93.71636962890625,0.86771995,-1,-1,-1
834,1,1335.62060546875,150.4209747314453,83.3663330078125,96.89189147949219,0.81669044,-1,-1,-1
835,1,1333.7261962890625,158.24624633789062,83.5482177734375,96.20916748046875,0.8327847,-1,-1,-1
836,1,1333.1859130859375,160.27078247070312,82.41943359375,98.889892578125,0.87564564,-1,-1,-1
837,1,1339.059814453125,163.05645751953125,75.408447265625,102.0714111328125,0.7461142,-1,-1,-1
838,1,1349.1417236328125,161.76638793945312,66.40234375,108.59320068359375,0.85525167,-1,-1,-1
839,1,1354.16552734375,159.5312042236328,61.0391845703125,114.37498474121094,0.8201778,-1,-1,-1
840,1,1367.0816650390625,158.7558135986328,48.406982421875,119.66050720214844,0.7829116,-1,-1,-1
841,1,1372.5751953125,160.00900268554688,42.6075439453125,124.11734008789062,0.5976691,-1,-1,-1
842,1,1378.4947509765625,161.3357391357422,38.4749755859375,127.22282409667969,0.7050646,-1,-1,-1
843,1,1380.975341796875,161.94325256347656,35.9119873046875,129.3403778076172,0.79475784,-1,-1,-1
844,1,1380.6444091796875,161.5175323486328,36.906005859375,132.9578399658203,0.71219206,-1,-1,-1
845,1,1382.33984375,162.79026794433594,34.081787109375,136.7077178955078,0.69453937,-1,-1,-1
846,1,1387.4893798828125,168.46287536621094,29.615478515625,131.9987335205078,0.7542709,-1,-1,-1
847,1,1388.4404296875,173.6998748779297,28.6373291015625,132.05857849121094,0.53012073,-1,-1,-1
848,1,1388.681884765625,174.6576690673828,28.3656005859375,133.2133331298828,0.67693263,-1,-1,-1
849,1,1388.5177001953125,174.7452850341797,28.1336669921875,136.3313446044922,0.7093011,-1,-1,-1
850,1,1388.1954345703125,174.34442138671875,28.289794921875,139.2401123046875,0.6400013,-1,-1,-1
851,1,1389.283447265625,183.93661499023438,28.144775390625,132.69171142578125,0.60644984,-1,-1,-1
852,1,1391.3477783203125,187.5985107421875,28.831787109375,131.4013671875,0.5100456,-1,-1,-1
853,1,1389.1142578125,191.91409301757812,28.4052734375,131.0865478515625,0.5117427,-1,-1,-1
854,1,1391.365478515625,191.50735473632812,28.8238525390625,133.43167114257812,0.5474927,-1,-1,-1
855,1,1391.7674560546875,191.49822998046875,28.564208984375,136.85568237304688,0.5821733,-1,-1,-1
856,1,1391.7412109375,191.3506317138672,28.9150390625,138.3271942138672,0.5727809,-1,-1,-1
857,1,1391.8480224609375,191.2176971435547,28.516357421875,140.16307067871094,0.4685255,-1,-1,-1
858,1,1391.5924072265625,201.17271423339844,28.951416015625,133.1623077392578,0.59222186,-1,-1,-1
859,1,1391.77001953125,201.16685485839844,28.851806640625,134.4445037841797,0.5724064,-1,-1,-1
860,1,1391.2698974609375,203.06695556640625,30.22900390625,134.6490478515625,0.4524017,-1,-1,-1
861,1,1391.2181396484375,205.97486877441406,29.05224609375,135.78916931152344,0.39079183,-1,-1,-1
862,1,1389.2982177734375,206.4453582763672,28.134033203125,136.2407684326172,0.46539813,-1,-1,-1
863,1,1389.523193359375,206.0218963623047,27.4945068359375,138.8236541748047,0.50454795,-1,-1,-1
864,1,1388.007080078125,212.83389282226562,29.364501953125,133.03955078125,0.4199683,-1,-1,-1
865,1,1389.75244140625,217.6527099609375,27.2110595703125,131.67367553710938,0.5607885,-1,-1,-1
866,1,1389.6612548828125,216.64976501464844,27.4765625,133.61512756347656,0.55692756,-1,-1,-1
867,1,1390.1182861328125,216.89984130859375,26.5194091796875,134.58016967773438,0.5465523,-1,-1,-1
868,1,1387.4891357421875,222.99484252929688,30.371826171875,130.04660034179688,0.46448478,-1,-1,-1
869,1,1388.486328125,224.39306640625,29.0643310546875,132.22125244140625,0.53931993,-1,-1,-1
870,1,1388.9261474609375,224.593505859375,27.818115234375,132.69253540039062,0.64061874,-1,-1,-1
871,1,1382.0101318359375,232.3136444091797,38.27587890625,125.90995788574219,0.76307565,-1,-1,-1
872,1,1375.568115234375,242.4755096435547,45.440185546875,117.56080627441406,0.78506476,-1,-1,-1
873,1,1371.981689453125,251.9903106689453,51.4954833984375,112.06315612792969,0.73369944,-1,-1,-1
874,1,1371.4013671875,253.28099060058594,53.7340087890625,114.01606750488281,0.82801837,-1,-1,-1
875,1,1369.5091552734375,252.10989379882812,57.658203125,119.2276611328125,0.7960813,-1,-1,-1
876,1,1366.409912109375,257.83843994140625,62.1715087890625,119.67324829101562,0.79672307,-1,-1,-1
877,1,1363.1036376953125,266.1424560546875,67.4918212890625,116.9993896484375,0.6850408,-1,-1,-1
878,1,1358.0975341796875,267.60284423828125,73.7081298828125,120.98568725585938,0.8387448,-1,-1,-1
879,1,1356.800048828125,266.7063293457031,75.7569580078125,125.9327392578125,0.7618989,-1,-1,-1
880,1,1353.96728515625,280.1829528808594,79.6710205078125,115.08984375,0.85018474,-1,-1,-1
881,1,1352.753662109375,282.07830810546875,81.6180419921875,119.170654296875,0.8739266,-1,-1,-1
882,1,1350.4254150390625,282.6807861328125,85.0615234375,121.3570556640625,0.92256695,-1,-1,-1
883,1,1351.026611328125,294.8284606933594,83.7283935546875,112.86502075195312,0.887761,-1,-1,-1
884,1,1348.8680419921875,296.6349182128906,85.2088623046875,114.42593383789062,0.8972906,-1,-1,-1
885,1,1347.791015625,297.3169860839844,83.2490234375,114.95535278320312,0.7455351,-1,-1,-1
886,1,1343.48583984375,302.080810546875,84.565185546875,115.41848754882812,0.79750204,-1,-1,-1
887,1,1342.8985595703125,302.8797912597656,84.39501953125,116.67535400390625,0.8726793,-1,-1,-1
888,1,1342.001953125,303.60711669921875,83.7833251953125,118.41134643554688,0.8699304,-1,-1,-1
889,1,1333.5572509765625,310.5957946777344,82.9593505859375,113.4559326171875,0.8805029,-1,-1,-1
890,1,1323.5606689453125,313.570556640625,80.865478515625,107.6607666015625,0.73607785,-1,-1,-1
891,1,1311.4288330078125,323.12799072265625,89.33642578125,93.07815551757812,0.846414,-1,-1,-1
892,1,1305.6611328125,327.41290283203125,93.427001953125,86.99127197265625,0.78356993,-1,-1,-1
893,1,1299.2388916015625,338.2133483886719,101.7222900390625,77.22433471679688,0.8647488,-1,-1,-1
894,1,1293.419921875,339.1991271972656,112.0538330078125,76.2254638671875,0.81165504,-1,-1,-1
895,1,1286.6165771484375,360.0609130859375,122.235107421875,55.005157470703125,0.667577,-1,-1,-1
896,1,1281.259765625,375.75091552734375,129.3328857421875,41.18145751953125,0.5287045,-1,-1,-1
897,1,1274.9185791015625,384.3292541503906,135.015869140625,35.7523193359375,0.8277283,-1,-1,-1
898,1,1268.7371826171875,389.1881103515625,141.2509765625,32.616058349609375,0.68128866,-1,-1,-1
899,1,1265.221435546875,393.35308837890625,138.128173828125,31.208740234375,0.7199118,-1,-1,-1
900,1,1255.9276123046875,393.9759826660156,143.4581298828125,31.5552978515625,0.6411548,-1,-1,-1
